0.495363 0.470079 0.650369 1.51582
0.648726 0.49412 0.344781 1.40617
0.652652 0.446159 0.560943 1.39184
0.659732 0.344177 0.546187 0.771911
0.602046 0.298877 0.512703 0.889229
0.582086 0.651926 0.683826 0.971588
0.548259 0.734932 0.349192 1.72363
0.29105 0.942148 0.226617 0.96585
1.43801 2.52167 0.571716 1.56941
0.284505 -1.61273 0.0769001 1.61529
0.606855 0.471114 0.479858 1.0325
0.642461 0.6292 0.397162 1.45406
0.41722 0.871522 0.680553 1.61335
0.0988216 1.01439 0.673742 1.3806
0.221457 0.493764 0.978201 1.25109
0.240729 0.843442 0.509934 1.08764
0.371052 0.716532 0.680866 1.05726
-0.00323856 1.0003 0.803861 1.7781
0.375581 0.462985 1.05246 1.67975
0.0874916 0.627685 1.13998 1.45755
0.359519 0.770715 1.19359 1.89071
0.941538 0.85746 0.785372 1.24378
0.60752 1.57749 -0.0142267 1.28003
0.27482 0.523348 0.196317 1.86622
-0.197421 1.04817 0.586232 1.75624
0.594881 1.633 -0.608936 1.14741
0.654049 0.49159 0.251799 0.974027
0.206049 0.700104 0.621337 1.40066
-0.0207996 0.82638 0.409299 1.56761
0.356215 0.869584 0.254513 1.44132
0.677717 0.254545 0.600975 1.22327
0.920265 0.31914 0.779413 1.18157
0.61571 0.389244 0.903912 1.37487
0.743052 0.47678 0.541985 1.04903
0.730543 0.11541 1.06762 1.3131
1.10988 0.288619 0.779792 1.09008
0.646043 0.337832 1.02201 1.6081
1.15889 0.24437 0.584541 1.36833
0.437333 0.161791 1.21417 1.35601
1.1075 0.486709 0.43958 0.925176
0.919849 0.478889 0.582543 1.10457
1.26024 0.154449 0.492716 1.45111
1.02487 0.388492 0.570639 1.77201
0.706309 0.540017 0.577924 1.96523
0.469283 0.523478 0.971801 1.59981
0.743641 0.413705 1.01629 1.0521
0.105495 0.272736 1.34163 1.89576
0.451705 0.0570411 1.36547 1.44105
0.679988 0.689635 0.943253 1.05892
1.37182 3.30577 2.24432 1.29244
0.43305 0.585756 0.99822 1.97224
0.467926 -0.54787 0.733672 1.95038
-0.0566402 -0.010989 1.3774 1.2746
-0.184696 0.305454 1.23415 1.3206
0.231587 -0.0443549 1.41486 1.93081
0.692098 0.634829 0.584103 1.90749
0.648478 0.670808 0.193897 1.14315
0.426003 0.695495 0.225336 1.26066
1.04434 0.461445 2.38036 1.63633
-0.200356 0.45318 -0.681002 1.91444
0.103254 0.983482 0.505752 1.26016
0.560653 0.677167 0.504765 1.15494
0.421999 0.233521 0.644203 1.78105
0.462211 0.0193036 0.498885 1.56212
0.144779 0.563682 0.718249 1.96434
1.14983 -0.0983642 1.99744 1.90391
-1.31592 -0.362476 -0.970558 1.56695
-0.515732 0.051925 0.731649 1.90123
0.917213 1.44489 -0.0839278 1.45252
-0.13155 0.528938 0.383639 2.01242
0.636804 0.776771 0.243959 1.08684
0.490189 0.767057 0.0872176 1.28426
0.501373 0.798996 0.274873 1.19896
0.623938 0.61043 0.166019 1.86116
-0.200352 0.482305 2.40532 1.55549
2.20314 1.30862 -3.82817 1.26153
0.73137 0.876489 -0.0562208 0.914657
0.828451 0.654702 0.00597122 0.928001
0.467858 0.769705 0.233838 1.42331
0.500405 1.02577 -0.045953 1.37656
0.793246 0.508698 -0.162186 1.01738
-0.184288 0.956733 0.817425 0.922656
0.814803 0.552388 0.138076 0.946724
0.900142 0.368355 0.122337 1.10104
0.903183 0.444123 0.0442198 0.959172
0.758231 0.513542 0.161661 1.20142
0.216628 0.830559 0.0580703 1.63921
0.237121 0.585285 0.753749 1.2286
0.205116 1.08294 0.115576 1.13679
0.340782 0.726157 0.24438 1.36055
0.102075 0.919069 0.534475 1.60312
0.63715 0.920338 0.165186 1.78297
-0.348188 0.330156 0.269645 1.93782
3.20297 2.75371 -1.86084 1.20481
0.389621 0.678301 0.0478918 1.44783
0.0926538 0.662123 0.0821964 1.58533
1.20079 0.507721 0.252886 1.65849
0.826391 0.708091 0.320714 1.50301
1.32483 0.275312 0.216876 1.0159
1.36509 0.416258 0.711918 1.38512
0.423432 0.219114 0.982705 1.56034
1.20555 0.567415 0.284636 1.97472
0.640326 0.161592 0.163515 1.5198
0.799339 0.483347 0.0268212 0.984193
1.21872 0.241677 -0.00331843 1.11062
1.11864 0.548662 -0.31599 1.73916
0.749342 0.704592 0.0092545 1.93776
1.25418 0.335531 -0.0116506 1.22311
0.346684 -0.163919 -0.741309 1.17496
1.0116 0.156778 -0.253119 1.58424
0.335065 0.955719 0.279127 1.37925
0.746586 0.769342 0.0934108 1.31161
0.0517543 0.8233 0.318846 1.65685
0.491425 0.531842 0.440589 1.89621
0.534989 0.737376 0.189597 1.81668
0.290504 0.171859 0.196841 1.9692
-0.329865 -0.533462 0.240267 1.70686
0.420803 0.67998 0.216901 2.15616
-0.124906 0.11326 0.276094 1.91492
0.448112 0.699726 -0.182878 1.55406
0.710413 0.552851 -0.223266 1.57282
0.450727 0.619354 -0.0321042 1.51115
0.254272 0.725256 -0.140537 1.66039
0.544881 0.242861 -0.141681 2.04993
0.344663 0.299803 -0.35171 1.77747
0.57057 0.327421 -0.354831 1.15967
0.324341 0.653031 0.0038326 1.54042
0.0461144 0.608863 0.0501902 2.11006
0.328177 0.392492 -0.11405 2.02308
-0.0674189 -0.167233 -0.122957 2.04532
-0.135468 0.900518 0.67771 1.53003
-0.261587 0.589393 1.0611 1.25858
-0.122866 0.896438 0.927926 1.73092
-0.80958 0.538516 0.957987 1.26602
-0.130005 0.724508 0.295641 1.77708
-0.0842933 1.20054 0.302645 1.60153
-0.157751 1.0839 0.371014 1.19866
-0.339298 1.01659 0.251115 1.56562
-0.276243 0.87087 0.246753 1.7849
-0.278599 0.49877 0.732068 1.70084
-0.185795 0.698063 0.258694 1.42298
-0.500701 0.59835 0.535891 1.21054
-0.339293 0.875506 0.660136 1.29544
-0.633402 0.544207 0.59584 1.1688
-0.279268 0.458291 0.996698 1.44686
-0.464133 0.50541 0.627098 1.73767
-0.503579 0.416803 0.789015 0.728972
-0.702301 0.410802 0.669656 1.10689
-0.595021 0.364421 0.628048 1.59013
-1.20191 0.822454 -0.100621 0.803489
-0.309439 0.751349 0.382095 1.54174
-0.414587 0.783439 0.271348 1.20076
-0.402913 0.902347 0.289216 1.00594
-0.371641 0.829627 0.298591 1.43872
1.01867 0.769226 1.48727 1.5436
-2.42312 0.41591 -0.528717 1.67042
-0.593269 0.585603 0.33914 1.72206
-0.624317 0.395424 0.500546 1.23937
-0.932374 0.348374 0.250172 0.989436
-0.197802 0.473432 1.75958 1.49981
-0.376705 0.398267 1.39344 0.963544
-0.130224 -0.111364 0.839083 1.49992
-0.343315 0.368417 1.24518 1.09246
-0.39515 0.205811 1.20524 1.9184
0.101848 -0.318205 1.285 1.30947
-0.221795 0.137181 1.19076 1.83171
-0.383108 0.242562 1.11925 1.2612
-0.617722 -0.095365 1.07395 1.02109
0.0247934 0.68371 0.326507 1.14598
-0.469956 0.791684 0.697719 1.31542
-0.308815 0.637039 0.722675 1.96054
-0.346221 0.102595 0.749105 1.68684
0.267361 0.877391 0.662466 1.14649
-0.770369 0.570112 0.870424 1.61157
-0.641797 0.937161 0.213487 1.22878
-0.215629 0.490384 0.496411 2.03316
-1.5278 0.572413 1.19602 1.9504
-0.643864 0.070917 1.42363 1.42753
0.0944277 0.488878 0.206428 1.29338
1.03767 0.893494 1.15598 1.88815
-0.0547785 -0.724329 -0.281776 1.66156
-1.04888 -0.163853 -0.675379 1.54083
-0.335344 0.407707 1.01007 1.57172
-0.616663 0.400429 0.903113 1.59766
-0.854844 0.282711 0.574277 1.47714
0.0117426 0.0300327 1.04188 1.24106
-0.615807 0.294212 0.956696 1.51094
-0.706521 0.233372 0.562698 1.81922
-0.473467 0.0437409 0.914003 1.72161
-1.04127 0.206841 0.93254 1.45364
-1.09123 0.122151 0.320851 1.27115
-0.926799 0.480107 0.725355 1.27397
-1.02452 0.321698 0.51678 1.25175
-0.903085 0.588481 -0.0381174 0.967579
-0.865165 0.172712 0.28454 1.33993
-1.12877 -0.0679517 0.319247 1.00941
-0.784692 0.125845 0.637819 1.62008
-1.09072 0.310654 0.283689 1.1144
-1.11672 0.478151 0.353795 1.22549
-0.9945 0.0236774 0.393783 1.71074
-0.0187991 1.1029 0.249751 1.41997
0.00804645 0.788494 0.269662 0.989643
-0.0538311 1.1898 -0.215859 1.36629
-0.136114 0.960624 0.108759 1.50962
-0.321448 0.864237 0.165389 1.01524
-0.053227 0.751697 0.220051 1.23004
-0.276825 0.741632 0.25557 1.54137
-0.0973983 0.719289 0.146946 1.13076
-0.429041 0.85875 0.309942 1.35044
-0.161736 1.04592 0.0742723 1.0834
0.221188 0.899614 0.157507 1.61569
-0.359227 0.772676 0.00549661 1.52528
0.0715192 0.737905 0.060122 1.08908
-0.685688 0.826962 0.173876 1.52489
-0.472688 0.751066 0.254344 1.1813
-0.487118 0.636956 0.140502 1.03255
-1.06082 0.520614 0.133823 1.69128
-0.675224 0.36056 0.300947 1.25284
-0.897441 0.425766 0.136832 1.80736
-0.388851 0.974686 0.253469 1.81402
-0.44463 0.854113 0.270214 1.12267
-0.309164 1.22509 0.209985 1.33359
-0.561296 0.735399 -0.430406 1.39601
-0.73528 0.832614 0.110273 0.952766
-0.809221 0.899185 -0.0452921 1.46096
-0.97336 0.609389 -0.0510591 1.2208
-0.772663 0.632817 0.627796 1.37802
-0.533488 0.683577 0.0103547 1.78656
-0.749008 0.535628 -0.304265 1.01236
-0.440996 0.458725 0.402652 1.50411
-0.395086 0.719479 0.283704 1.84214
-0.433326 0.616096 0.32616 1.34596
-0.18955 0.0162762 0.450473 1.37959
-0.310988 0.464655 0.573825 1.61977
-0.612703 -0.0399193 0.228161 1.8843
-0.242739 0.466465 0.112387 1.6327
-0.869596 0.227574 0.0675643 1.58246
-0.410824 -0.0275699 0.146467 1.31277
0.206886 0.777301 -0.0313977 1.53092
-0.0465262 0.82779 0.0661747 1.27432
-0.173974 0.656496 0.0197306 1.97229
-0.529842 0.785812 0.0410652 1.81367
0.0236573 0.150953 0.30586 1.52049
-0.475148 0.398191 0.00731105 1.64928
-0.515052 0.269168 0.0405199 1.39685
-0.248846 -0.083518 -0.0399169 1.96354
-0.490215 0.231568 0.137887 1.54318
-0.788234 0.440867 0.377227 1.54772
-0.603908 0.284221 0.140696 1.63476
-0.822887 0.351306 0.33627 1.55026
-0.993925 0.202735 0.21613 0.992748
-0.865267 0.732852 0.447801 1.28305
-1.11076 -0.292462 0.081236 1.56412
-0.867876 0.291305 0.115708 1.68794
-0.49218 0.257378 0.0820706 1.2352
-1.0971 0.426026 0.0400742 1.50129
-1.0267 0.344354 0.184875 1.50112
-0.678194 0.208297 0.0107198 1.54282
-1.04274 0.197826 0.234443 1.2776
-0.997108 0.147672 0.103882 1.39982
1.12562 0.0518188 0.742437 1.11737
0.289349 -0.0230294 2.51904 1.49388
-1.40164 0.615313 1.92587 1.85275
0.679866 -0.725024 1.18881 1.04112
1.65891 0.131668 -0.00461809 0.790582
0.763608 -0.256424 0.802785 1.623
0.782576 -0.211044 1.15339 0.869654
0.713168 -0.317479 1.45279 1.24971
-0.546463 0.364616 -0.4141 0.961248
0.777742 -0.421409 0.90008 1.74514
0.599493 -0.342947 1.03506 1.3956
3.72688 -0.880539 -1.27652 1.83394
0.902483 -0.0116481 1.00849 1.35778
0.527938 0.320622 0.382433 1.33118
1.04313 -0.201924 0.585343 1.07629
0.995503 -0.180032 0.641463 1.42604
1.12708 -0.0188937 0.389042 1.41759
1.07057 -0.0983439 0.636172 1.14219
0.837753 -0.593974 0.467343 1.50561
0.864693 -0.466923 0.604191 1.28076
0.496762 -0.040431 1.25978 1.12371
0.744105 -0.110866 1.31358 1.74562
-0.152724 -0.0107595 1.63396 1.92468
-0.0580035 -0.447488 1.05203 1.65986
0.480794 -0.0452011 1.26238 1.40493
0.159566 0.00623226 1.07732 1.19306
0.230029 -0.0576089 1.01233 1.71281
-0.373532 0.299879 0.957588 1.26331
-0.0217529 -0.476524 0.927992 1.87076
0.194661 -0.209427 1.3468 1.17318
0.0321956 -0.428405 1.28388 1.34833
0.586946 -0.003337 0.725874 1.14006
0.273795 0.291364 0.904604 1.42823
0.69393 -0.332066 0.580754 1.64418
0.122009 -0.0799684 0.619721 1.55098
0.458055 -0.293077 0.552078 1.6024
-0.193649 -0.326736 0.890669 2.02433
0.396358 -0.383803 1.0406 1.80332
-0.109898 -0.722962 0.929766 1.96218
-0.061586 -0.0476327 0.729598 1.88766
-0.139939 0.711912 0.114692 1.2193
-0.736797 -0.579786 0.519262 1.3091
0.608645 -0.448413 0.89629 0.793102
0.855443 -0.337651 0.68378 1.10371
0.676773 -0.682781 0.841297 1.54232
0.605175 -0.742333 0.926433 1.68445
0.380969 -0.730687 0.794241 1.20652
0.871995 -0.488734 0.62661 1.57499
0.757953 -0.466996 0.463449 1.70812
0.572518 -0.757456 0.400236 1.65435
0.668247 -0.688287 0.347608 0.971553
1.02531 -0.632211 0.433303 0.941245
0.610286 -0.980582 0.376804 1.53663
0.508722 -0.870312 0.552873 1.77391
0.371046 -1.02505 0.471707 1.4607
0.290452 -0.626424 1.20791 1.06734
0.169868 -0.642864 1.16193 1.73161
0.115592 -0.447031 1.15636 1.10673
0.0558803 -0.651205 1.18335 1.52553
0.397611 -1.05228 0.679946 1.43668
0.201867 -0.651174 1.13858 1.55857
-0.161059 -0.544629 0.930698 1.0376
-0.301057 -0.978288 0.688229 1.2688
0.603749 -0.471158 0.573471 1.88709
0.367755 -0.856052 0.902284 1.60769
-0.217505 -0.557816 0.796069 1.75409
0.43962 -0.843495 0.37975 1.63192
-0.114256 -0.946637 1.10066 1.93504
0.51106 -0.840181 0.630325 1.64806
-0.0755704 -1.31225 0.611432 1.08783
0.386243 -1.13663 0.393675 1.07904
0.302769 -1.07259 0.218108 1.36292
0.160784 -1.14293 0.405985 1.49
0.0752777 -1.34015 0.142839 1.89621
1.17066 -0.140269 0.44557 1.16196
1.31885 -0.0296346 0.78573 1.3932
0.672615 -0.114424 0.122862 1.66847
0.227302 0.238475 0.476021 2.04319
1.21141 0.154887 0.0979859 1.90493
1.12759 -0.247779 0.422031 1.41477
1.05432 -0.140175 0.2717 1.53575
0.374984 -0.0883687 -0.213086 1.69398
0.756743 -0.191639 -0.118449 1.31329
1.1944 -0.679369 1.11192 1.87759
0.892621 -0.431336 0.455618 1.92977
1.28938 0.107031 -0.13232 1.58816
1.30423 0.0437858 0.0863076 1.84329
0.73625 0.386377 0.149098 1.55469
0.548559 0.186821 -0.15083 1.74808
0.650691 0.168825 -0.300869 1.87635
1.55095 -0.450466 0.0775416 1.73964
1.36754 -0.246169 0.293556 1.059
1.24061 -0.407769 0.239464 1.91007
1.30876 -0.0496734 -0.141487 1.65708
1.26772 -0.407204 -0.107609 1.72714
0.819959 0.0499261 -0.222549 1.38489
0.944923 -0.0747807 -0.228923 2.045
0.373974 -0.0110737 0.449171 1.38621
0.268012 -0.14298 0.450908 1.37384
-0.274397 -0.252174 0.381035 2.11585
-0.0398952 -0.176704 0.022658 2.14984
0.615565 -0.286311 0.447877 2.05262
0.00426392 -0.396557 0.0376338 1.70095
0.740274 -1.16865 0.081927 1.39378
-0.0644771 -0.847647 0.19305 1.97462
-0.123347 -0.404472 0.0634263 1.98402
0.142476 -0.196081 0.171623 1.92267
-0.0483116 -0.505122 0.11871 1.70608
0.382349 -0.00687366 -0.16181 1.39841
0.426273 -0.432046 -0.107126 1.72418
0.299403 -0.255974 -0.0233753 2.12488
-0.14089 -0.413331 0.016805 1.21157
-0.130135 -0.194239 0.0365979 1.62577
0.0474463 -0.499208 0.0514629 1.46969
-0.221625 -0.425965 0.0274941 1.70696
1.28548 -0.345048 0.293699 1.72058
1.12987 -0.670272 0.084594 1.03677
0.848448 -0.840162 0.123165 1.74532
0.782236 -0.86293 0.395081 1.77671
0.912767 -0.746011 0.226842 1.69358
0.489563 -0.995531 0.149848 1.03572
0.873866 -1.55095 -0.413062 1.05255
1.14567 -0.61996 -0.0911878 1.28668
0.0295141 -0.276488 0.637987 1.96247
0.566869 -1.30757 0.0507034 1.08985
1.12648 -1.30539 -0.594527 2.03035
1.09314 -0.649546 -0.181382 1.7183
1.08584 -0.64919 0.267534 1.01222
0.815146 -0.846226 -0.0387152 1.50567
0.617857 -1.16565 0.0740325 0.927264
0.596367 -1.08879 0.0731814 0.894877
0.516731 -1.06919 0.13544 1.02228
0.503225 -0.924482 0.495453 1.73834
0.383126 -1.12336 0.124828 1.98095
0.209778 -0.683833 0.250949 1.6861
0.216741 -0.597806 0.455615 1.44727
-0.427783 -0.92524 -0.116262 1.77345
0.362202 -1.02867 -0.030966 2.00658
0.610263 -1.32948 0.206565 1.4053
-0.192629 -1.64326 0.329155 1.39149
-0.374492 -1.03655 -0.154324 1.33458
0.0672452 -0.796932 -0.0376867 1.27637
-0.123646 -0.814726 0.101187 1.43627
-0.0358901 -1.2823 0.316541 1.34901
0.241606 -1.17206 0.135762 1.09185
-0.238634 -0.131446 1.07499 1.22427
-0.343291 -0.238387 1.18119 1.85343
-0.218877 -0.177367 1.18063 1.3484
-0.308201 -0.40765 0.96773 1.19584
-0.28633 -0.28886 1.04447 1.08536
-0.210648 -0.249469 1.14147 1.40475
-0.303285 -0.334386 0.994538 1.05507
-0.246969 -0.350274 0.789172 1.38805
-0.453949 -0.268009 0.800213 1.10244
-0.0771576 -0.119071 0.869479 1.86949
-0.381701 -0.450461 0.308624 1.5698
-0.199993 -0.0178029 0.789786 1.52034
-0.473775 0.18222 0.441036 1.78761
-0.345981 -0.434781 0.456447 1.81315
-0.28618 -0.350648 0.520642 1.87429
-0.335453 -0.489606 0.684024 1.2575
2.72875 -0.207937 2.2907 1.96586
-7.0864 -0.00204517 -1.75386 1.5443
-0.770278 -0.0528485 0.777899 1.25492
-0.787391 -0.0841147 0.782312 1.71243
-0.986638 -0.150716 0.460987 1.42359
-0.459272 -0.277354 0.733795 1.78331
-0.858383 -0.229482 0.785752 1.64827
-0.830238 0.0293602 0.829931 1.76979
-1.01168 -0.0418958 0.244338 1.08421
-0.950558 -0.142077 0.699345 1.48779
-0.844035 -0.268663 0.430667 2.00659
-0.901723 -0.115151 0.371719 1.01964
-0.871859 -0.223216 0.319236 1.00903
-0.141856 -0.0922313 1.25268 1.83551
-0.296473 -0.898221 1.28772 1.51264
-0.247732 -0.808918 1.02125 0.889992
-0.0186774 -0.809359 0.539177 1.63096
-0.360541 -0.43878 0.95693 1.78048
-0.241152 -0.604383 0.915647 0.97793
-0.103093 -0.828186 0.817055 1.22161
-0.0547505 -0.797325 0.749729 0.936102
-0.238619 -0.682163 0.919528 0.947447
-0.316157 -0.619899 0.995517 1.0669
-0.203867 -0.743175 0.840458 1.07271
-0.253284 -0.426526 0.556892 1.25404
-0.15022 -0.547023 0.506193 1.94473
0.0455692 -0.841583 0.797798 1.70787
-0.229833 -1.10462 0.952436 1.8889
0.0813499 -1.20496 0.623754 1.73247
-0.46051 -0.406888 0.948286 1.22487
-0.70234 -0.46766 0.500946 1.62847
-0.427807 -0.77754 0.5309 1.01251
-0.381894 -0.578323 0.805753 1.67904
-1.78606 0.697499 0.669879 0.80332
-0.464 -0.493608 0.695572 1.34805
-0.33461 -0.607343 0.786734 1.04889
-0.52955 -0.650781 0.5366 1.36347
0.39273 0.439889 0.626735 1.31483
-0.898436 -0.819734 0.371814 1.55836
-0.889368 -0.207474 0.417659 1.08405
-0.624952 -0.371897 0.650462 1.82734
-0.963807 -0.416238 0.382427 0.85491
-0.978025 -0.301604 0.325398 0.993866
-0.692198 -0.648486 0.734466 1.74247
-0.484547 -1.257 0.767186 1.22667
-0.59101 0.0343709 0.277867 1.5836
-0.932232 -1.52899 1.20567 1.22117
-0.831219 -0.545618 0.409061 1.52025
-0.95302 -0.436356 0.649901 1.0677
-0.695129 -0.819568 0.466455 1.70595
-0.901103 -0.864862 0.179642 0.900257
-0.34053 -0.260435 0.0958931 1.53825
-0.37153 -0.324215 0.121818 1.23978
0.447243 -0.367625 0.622431 1.21166
-0.459595 -0.0282479 0.149866 1.78815
-0.215259 -0.434119 0.178466 1.94412
-0.44708 -0.397032 0.40401 1.43339
-0.357521 -0.514647 0.448529 2.01911
-0.501121 -0.124498 0.0306184 1.38332
-0.403105 -0.297399 -0.0237872 1.57988
-0.330954 -0.358316 -0.0880397 1.30818
-0.274586 -0.229485 0.022787 1.75402
-0.741445 -0.33213 0.0748661 1.32794
-0.21686 -0.327795 -0.126459 1.40151
-0.620805 -0.316229 0.212321 2.04673
-0.216336 0.159067 -0.778702 1.50715
-0.812426 -0.0601025 0.312701 1.18588
-0.814052 0.10382 0.230046 2.03143
-0.695108 -0.299609 0.200103 1.34026
-1.13053 -0.151403 0.297367 1.21611
-1.02836 -0.183947 0.244263 1.64001
-0.698934 -0.211021 0.349757 1.78832
-0.904581 -0.256325 0.216362 1.1158
-0.726901 -0.209444 0.265958 1.6692
-0.53778 0.152479 -0.0418113 1.4975
-0.664679 -0.23964 -0.240674 1.76426
-1.18628 0.0431619 0.152354 1.66119
-0.959962 -0.198488 0.185657 1.80233
-0.89548 -0.458114 -0.0464269 1.31876
-0.897525 -0.424512 -0.0738383 1.89955
-0.336393 -0.523113 0.340993 1.42115
-0.0911913 -0.755487 0.345734 1.24227
-0.248976 -0.78215 0.282562 1.31815
-0.378567 -0.646982 0.137625 1.34685
-0.145266 -1.34827 -0.220604 1.16447
0.426225 -0.601669 0.132598 1.62086
-0.695213 -0.967026 -0.17922 1.69205
0.125208 -1.38658 -0.0845741 1.28043
-0.15398 -1.35125 -0.110516 1.62475
0.132605 -0.758385 -0.0429757 2.01205
-0.0913786 -0.962658 -0.111208 1.13992
-0.450397 -0.583398 0.20027 1.90738
-0.544648 -0.319971 -0.117022 2.02861
-0.550009 -0.760595 -0.0140655 1.94469
0.0542892 -1.08963 0.0111876 1.29748
-0.119762 -1.1242 0.0752286 1.23781
-0.0415062 -1.18965 0.0758822 1.04846
-0.200279 -0.969393 0.090144 1.02029
-0.457381 -0.836818 0.0480282 1.21816
-0.302975 -1.31998 0.0340777 1.67124
-0.859042 -0.437998 -0.268502 1.56733
-0.880017 -0.247017 0.243588 1.73153
-0.968228 -0.245964 0.229356 1.71902
-0.917099 -0.509774 -0.181072 0.921921
-0.609568 -0.417456 0.168956 1.09816
-0.72239 -0.75967 0.25913 1.76689
-0.60376 -1.20347 0.22926 1.18481
-0.349769 -0.678881 0.216035 1.49979
-0.480649 -1.07169 -0.103592 1.51603
-1.05374 -1.00156 0.569354 0.907429
-1.14407 -0.458208 0.113945 1.61352
-0.732558 -0.998499 0.0905367 1.72758
-0.605933 -0.540095 0.0281275 1.31069
-0.828347 -0.355161 0.0815948 1.46029
-1.09736 -0.325947 -0.0527769 1.74986
-0.578714 -0.907024 0.0195036 1.78229
-0.953088 -0.490183 -0.165309 1.08582
-0.842966 -0.562704 -0.35018 1.44793
0.902196 0.621088 -0.17177 1.44875
0.520088 1.00755 -0.521196 0.994669
0.617938 0.86998 -0.0462157 1.07195
0.4716 0.589531 -0.00188023 1.22881
0.984667 0.386778 -0.150827 0.984591
0.869145 0.546776 -0.120776 1.19675
0.643548 0.519703 0.0018726 1.79526
0.732246 0.629706 -0.150392 0.881453
0.799555 0.600094 -0.186617 1.59201
0.673914 0.622752 -0.20865 1.45235
0.456265 0.841464 -0.255539 1.49646
0.77963 0.558518 -0.490489 1.29707
0.674651 0.574179 -0.190413 1.48001
0.113268 1.17105 0.268085 1.60396
0.144715 0.682409 0.131072 0.986999
0.260206 0.806618 -0.152032 1.43944
0.832465 1.61242 0.116752 1.59711
-0.0318417 0.920898 -0.0375412 1.18428
0.025543 1.00587 0.0320502 1.36181
-0.617311 0.532009 -0.808703 1.48416
0.368914 0.606638 -0.0829964 1.46122
-0.104385 0.990754 -0.12017 1.69203
0.200857 0.63341 -0.0581225 1.75746
0.527949 0.881462 -0.162467 1.52432
0.433491 1.11969 -0.19274 0.950064
0.121323 1.04097 -0.31475 1.47647
0.297254 1.0029 -0.427792 1.0035
0.0485602 0.988472 -0.244962 0.957415
-0.013063 0.748932 -0.250915 1.19482
0.372091 0.855469 -0.3019 1.67235
0.267089 0.405308 -0.211513 1.88559
0.267037 0.418525 -0.530509 1.80792
0.0427392 0.925632 -0.418307 1.23612
0.179516 0.622761 -0.360939 1.0856
0.209329 0.974511 -0.744052 1.45851
-0.190723 0.487722 -0.0236442 1.5224
0.965646 0.382535 -0.0131795 1.74672
1.02321 0.266731 -0.162453 1.84673
0.753488 0.39526 -0.216694 1.50891
1.04234 0.375122 -0.156115 1.63564
1.14917 0.0813045 -0.242103 1.49314
0.942133 0.132865 -0.280961 1.23998
0.693947 0.114217 -0.343623 1.10368
0.761758 0.20978 -0.377743 1.32965
0.862272 0.251584 -0.325549 1.67527
0.612911 0.190481 -0.237718 1.73839
0.743252 0.100933 -0.30423 1.15649
0.706023 0.073521 -0.422912 1.27826
0.323156 0.527407 -0.302969 1.79378
0.25497 0.494114 -0.211845 1.08313
0.643995 0.425289 -0.390438 1.48171
0.516799 0.213247 -0.532917 1.72986
0.374763 0.320094 -0.330795 2.12687
0.279984 0.410138 -0.484054 1.50538
0.366482 0.321838 -0.489523 1.40637
-0.0241463 0.165393 -0.610849 1.97322
0.533255 0.77662 -0.27863 1.25569
0.780613 0.648465 -0.42451 0.939493
0.791596 1.11332 -0.350885 0.83863
0.332938 0.863402 -0.481227 1.65978
1.02698 0.501403 -0.366568 1.6253
0.732634 0.45767 -0.264148 1.5074
0.274597 0.65903 -0.331268 1.38973
0.412054 -0.00957176 -0.581561 0.92673
0.507791 0.860924 -0.613555 1.70412
0.368368 0.623524 -0.622194 0.813072
1.60949 1.08001 -0.24216 0.988556
0.838674 0.366964 -0.500908 0.91498
0.712734 -0.0141931 -1.17601 0.809602
-0.305447 0.915466 -0.668587 1.57759
0.725049 -0.39993 -0.241133 1.54856
0.807065 0.597826 -1.62736 1.62352
0.157477 0.956685 -0.418426 1.12949
0.113181 0.471952 -0.45534 1.14553
0.257945 0.968244 -0.596046 1.04004
-0.0721462 1.04106 -0.57885 1.54562
0.131128 0.840965 -0.541524 0.990697
0.2141 0.448604 -0.652221 1.2289
0.0327498 0.529097 -0.634269 1.25469
0.11836 0.8659 -0.548541 1.42382
0.225247 0.626025 -0.798752 1.235
0.199782 0.8053 -0.849332 1.52461
0.175055 0.491303 -0.96207 1.0793
0.264158 0.382614 -0.927283 1.20263
0.14747 0.344945 -0.602605 1.1712
0.0313862 0.675025 -0.694653 1.77801
0.104536 0.226382 -0.990581 1.2233
1.0014 0.199435 -0.364543 1.31662
0.761613 0.333537 -0.266392 0.874814
0.976131 -0.00557724 -0.321158 1.22929
0.629893 0.194502 -0.38721 1.88648
0.306587 0.370142 -0.592594 1.61708
0.945844 0.00532285 -0.476649 1.2843
0.653032 -0.00349737 -0.504762 1.40299
0.788223 0.342315 -0.349178 1.38071
0.688033 -0.0299362 -0.611237 1.14185
1.26484 -0.338786 -0.857547 0.949219
0.711052 -0.0571772 -0.680445 1.70306
0.798356 0.459296 -0.850819 1.4561
0.445573 0.0737133 -0.684635 1.79463
0.356626 0.160763 -1.0438 1.58433
0.542822 0.0694429 -0.699941 1.73838
0.349889 0.205879 -0.515435 1.74232
0.291204 0.253135 -0.584683 1.22139
0.179737 0.331438 -0.707501 1.62767
0.193559 0.436959 -0.666821 1.14643
-0.313142 0.46992 -0.75401 1.03575
0.269426 0.334953 -0.732781 1.31459
0.149165 0.375352 -0.872299 1.01617
0.220943 0.320419 -0.932198 1.29757
0.251293 0.205826 -0.719768 1.4091
0.0404862 0.229868 -0.810917 1.37397
0.173533 0.182452 -1.02062 1.71635
0.348751 0.0400144 -0.813361 1.27872
0.20022 0.104147 -0.836208 1.02139
0.184732 0.288302 -1.05319 1.54516
0.0422751 1.04525 -0.159113 0.938595
-0.000112045 0.903607 0.244351 1.43048
-0.589901 0.784526 0.0236159 1.5424
0.107482 2.22337 -0.892318 1.33399
0.204137 0.781625 -0.400087 1.8226
0.0901506 1.12225 -0.241293 1.25521
-0.0402817 0.908358 -0.0847045 1.98787
-0.0376747 0.78043 0.0768763 1.96052
-0.620231 0.83771 -0.244759 1.7327
-0.214755 0.376155 -0.617598 1.53285
-0.0798847 0.991431 -0.284925 1.35984
-0.0909612 0.69405 -0.62855 1.94295
-0.663255 1.22456 0.0877346 1.28787
-0.795399 1.4237 -0.10469 0.927605
-0.74719 1.18789 -0.167183 1.19199
-0.645605 0.520954 0.279391 1.73762
-0.454191 0.742359 -0.652942 1.65079
-0.990281 0.680083 -0.239761 1.23819
-1.03315 0.691134 -0.10369 0.788858
-0.851308 0.700327 -0.269008 1.02326
-0.748118 0.648328 -0.191131 1.1667
-0.776554 0.647836 -0.312985 1.00766
-0.937236 0.555834 -0.247187 1.03177
-0.359642 0.793092 -0.37756 0.937433
-0.520145 0.85384 -0.364909 1.22156
-0.679637 0.690137 -0.24647 1.22193
-0.870012 0.492934 -0.292272 1.12665
0.166175 0.617533 -0.2199 1.25543
-0.34618 0.609448 -0.0296112 1.86653
0.010975 0.660699 -0.403289 1.59015
-0.258994 0.288814 -0.262576 1.3141
-0.486878 0.399198 -0.222325 1.15232
0.0410628 0.515821 -0.0955722 1.66964
-0.557092 0.409926 -0.150482 1.36556
-0.361023 0.119066 -0.295738 1.7984
-0.430856 -0.0360941 -0.219662 1.93621
-0.0850892 0.195735 -0.535441 1.75875
-0.311903 0.358328 -0.261435 1.18962
-0.289791 0.840616 -1.21579 1.91246
-0.292921 -1.98185 0.903039 1.67726
1.56455 0.536987 1.22084 1.92671
-1.77836 0.482106 -2.03897 1.92972
-0.326072 0.139607 -0.646648 1.66722
0.157813 0.409013 -0.614279 1.78293
-0.231216 0.728201 -0.395654 1.43168
-0.337792 0.446419 -0.459538 1.23018
-0.34073 0.235341 -0.56946 1.24962
0.11597 0.281648 -0.551997 1.62463
-1.71696 -0.429275 -0.261677 1.20807
-0.255487 -0.143211 -0.499336 1.53724
-0.232194 0.198359 -0.750801 1.10722
-0.274514 0.0635607 -0.702523 1.3199
-0.342512 0.139314 -0.419099 1.56854
-0.490347 0.234978 -0.446609 1.60268
-0.445474 0.00107177 -0.567834 1.1457
-0.449849 0.483341 -0.143109 1.53579
-0.711102 0.547697 -0.0505645 1.37848
-0.712257 0.293978 -0.0695605 1.76067
-0.913581 0.628169 -0.0712813 1.31695
-1.05742 0.111038 -0.0403332 1.55922
-1.23972 0.399116 -0.141085 1.59994
-0.945215 0.147478 -0.252877 1.2454
-0.826831 0.683278 -0.0465727 1.93627
-0.821576 0.0907267 -0.209585 1.82165
-1.20242 0.0965411 -0.185541 1.69841
-0.675183 0.249064 -0.246408 1.45533
-0.352543 0.899696 -0.308211 0.995042
-0.587645 0.420058 -0.49011 1.93966
-1.04999 0.640642 -0.200915 1.77779
-0.862266 0.77589 -0.540817 1.22137
-1.26548 0.0356747 -0.439723 1.63887
-0.889072 0.0176358 -0.560476 1.78193
-0.667526 0.0199565 -0.58512 1.33224
0.00167765 0.923585 -0.269024 0.964543
-0.322208 0.952173 -0.346037 1.08951
-0.379594 0.786287 -0.411503 1.21334
-0.221593 0.925183 -0.433517 1.36181
-0.0799472 0.530701 -0.624332 1.5888
-0.341855 0.717121 -0.449904 1.36937
-0.282106 0.732045 -0.520395 1.39144
-0.271523 0.629374 -0.737221 1.18868
0.0412422 1.03576 -0.50157 1.13488
0.356602 0.858212 0.51529 1.59952
-0.382208 0.578946 -1.70458 1.65731
-0.562951 0.903136 -0.771807 1.06057
0.0108522 0.785476 -0.832534 0.984793
-0.0983578 0.536371 -0.956184 1.11291
-0.318865 0.794788 -0.705254 1.17341
-0.202819 0.630811 -0.744499 0.802658
-0.613331 0.669256 -0.319709 1.52544
-0.569928 0.546177 -0.407506 0.760656
-0.495071 0.749058 -0.371478 1.52526
-0.347467 0.747193 -0.513171 1.4254
-0.831095 0.77248 -0.374442 1.22919
-0.831913 0.302071 -0.500847 1.61907
-0.326845 0.708925 -0.812144 1.33527
-0.113726 0.73106 -0.405702 1.05008
-0.50365 0.476835 -0.675734 1.19757
-0.254161 0.382196 -0.838485 1.47958
-0.555423 0.401929 -0.816793 1.66738
-0.375726 0.311692 -0.969969 1.48702
-0.777858 0.929666 -0.35882 0.876809
-0.86248 0.443254 -0.7386 1.53543
-0.769215 0.236297 -0.661352 0.921382
-0.329176 0.56816 -0.863739 1.0733
-0.196476 0.358196 -0.735759 1.72242
-0.330799 0.0606178 -0.633196 1.43344
-0.388002 0.511996 -0.0809002 1.09017
-0.149623 0.680193 -0.956337 1.51757
0.29631 0.232422 -1.69759 1.21716
-0.201901 -0.196976 -0.994378 1.56568
-0.307161 0.384017 -0.999124 1.09029
0.290333 0.189797 -0.909295 1.19751
0.300587 -0.25191 -0.694323 1.40793
-0.138882 0.772814 -1.52505 1.91943
-0.779646 -0.512372 0.160025 1.49899
-0.317904 -0.0977257 -0.829206 1.42625
-0.402112 0.282731 -1.38853 1.26999
-0.197213 0.517871 -0.656331 1.09647
-0.60831 0.482373 -0.526783 1.50003
-0.459457 0.138593 -0.607898 1.07167
-0.432994 0.307789 -0.761867 1.58053
-0.989632 -0.137694 -0.518732 0.888697
-0.545922 0.130561 -0.692528 1.61684
-0.559712 -0.0733481 -0.570559 1.2597
-0.546181 -0.0534521 -0.766049 1.5635
-0.824931 0.167689 -0.526793 1.31072
-0.432228 0.0783317 -1.06921 1.04273
-0.42849 0.295888 -1.04802 1.00447
-0.650308 0.137269 -0.8265 1.78713
-0.523082 -0.0827843 -0.910551 1.01046
-0.888763 0.184975 -0.495638 0.905376
-0.656515 0.122278 -0.685504 1.11626
0.927941 0.0890988 -0.407486 1.11988
0.735611 0.111043 -0.400679 1.61003
1.37341 -0.141664 -0.272881 1.34174
1.03109 0.0246699 -0.257271 1.73059
0.702394 -0.129485 -0.219072 1.51515
0.579104 -0.095194 -0.307814 1.31256
0.650893 -0.54354 -0.277488 1.79596
0.997617 -0.0135156 -0.515062 1.66464
0.929873 0.193794 -0.749427 1.3353
1.18331 0.012458 -0.723336 1.62565
1.35753 -0.317878 -0.531269 1.01233
0.965048 -0.526591 -0.511191 1.85215
0.672425 -0.119582 -0.674761 1.33921
0.842345 0.277896 -0.351372 1.19945
0.624736 0.0855223 -0.308482 1.46452
0.381863 0.108605 -0.248802 1.84834
-0.0826494 -0.0949833 -0.47845 2.05133
-0.420189 -0.121765 -0.250529 1.80834
0.242831 -0.0187019 -0.527875 2.0963
0.365516 -0.70289 -0.141612 1.41128
0.173889 -0.160108 -0.095009 2.0679
0.537793 -0.455074 -0.247729 1.71762
-0.158891 -0.127046 -0.503932 1.41985
-0.00975032 0.141541 0.244103 1.88442
0.778494 0.00683182 -0.755218 1.64124
0.533623 -0.172113 -0.426128 2.02887
0.622595 -0.817898 -0.829638 1.94727
-0.172722 0.0407042 -0.25154 1.91353
-0.220582 -0.328329 -1.18466 1.90109
-0.232711 -0.564831 -0.635076 1.33762
0.927924 -0.513721 -0.344421 1.49136
0.704768 -0.653384 -0.15565 1.77212
0.806248 -1.08471 -0.173726 1.659
0.39025 -0.876281 -0.393925 1.46657
0.928652 -0.8511 -0.138471 1.66966
0.759808 -0.98416 0.0606077 1.17284
0.53664 -1.20582 -0.0383311 1.69307
0.998145 -0.374407 -0.471711 0.92185
1.05185 -0.355487 -0.400425 1.03788
1.05615 -0.714199 -0.388151 1.6408
0.251041 -0.339596 -0.479962 1.65225
0.752018 -0.418513 -0.740102 1.74227
0.79962 -0.844303 -0.36018 1.46615
0.491082 -0.94092 0.791355 1.79088
0.417969 -0.848877 -0.528497 2.04286
0.54089 -0.506114 -0.888513 1.33913
-0.375461 -0.755193 0.121048 1.97508
0.548748 0.00827457 -0.817483 1.52505
0.410941 -0.83243 0.124531 1.57319
-0.701379 -1.73065 3.44533 1.20187
1.96303 -0.394841 1.44546 1.46652
0.421138 -1.19201 -0.00674202 1.9084
0.0129444 -0.741761 -0.282922 1.57034
0.450759 -1.36709 -0.231236 1.35052
-0.00655813 -1.26382 -0.0739197 1.65583
0.594361 -0.320821 -0.48675 1.60689
0.174278 -1.06567 -0.612973 1.73746
0.43645 -0.775787 -0.514851 1.17907
-0.075163 -0.400001 -0.859329 1.97308
0.18404 -0.828802 -0.531613 1.45698
-0.716673 -0.182301 -0.668174 1.24983
0.411286 -0.975415 -0.437511 1.69837
0.181957 -1.23948 -0.305202 0.937624
0.152971 -1.05967 -0.308133 1.44554
-0.0108275 -1.11597 -0.366496 1.84299
0.851162 -0.0837954 -0.572347 0.987439
0.704327 0.0379157 -0.55273 1.18339
0.911871 -0.193406 -0.540286 1.01871
0.848831 -0.159685 -0.581979 1.22304
0.718572 -0.0396484 -0.637217 1.51945
0.670259 0.0234954 -0.798788 1.48804
0.399326 0.137264 -1.04202 1.07929
0.467748 -0.0408298 -0.93856 1.22131
1.01234 -0.827867 -0.919023 0.939791
0.769522 -0.0877717 -0.649421 1.08034
0.745875 -0.156282 -0.705669 1.54418
0.536714 -0.319143 -0.842369 1.11515
0.631446 -0.0948026 -1.01822 1.14642
0.476458 -0.10076 -1.05721 1.32894
0.611691 0.0984352 -0.749433 1.83921
0.699778 0.236355 -0.457581 1.74283
-0.142163 0.0861134 -0.735057 1.69161
0.418367 0.139332 -0.933903 1.98082
-0.137356 0.100044 -0.849373 1.8588
0.288872 -0.208413 -0.768078 1.46729
0.58669 -0.328846 -0.469014 1.46411
0.478197 -0.291936 -0.995522 1.32994
0.183127 -0.178325 -1.01814 1.88528
-0.113685 -0.367413 -0.686965 1.82538
0.285999 0.0638811 -1.05424 1.60073
0.139673 0.0159638 -1.21125 1.85902
0.281709 -0.149191 -1.17948 1.58233
0.117681 -0.0941378 -1.03382 1.55795
0.0169657 -0.35486 -1.0797 1.40516
0.895484 -0.495668 -0.52164 1.71096
0.590902 -0.339097 -0.513441 1.62227
0.447709 -1.03164 -0.340989 1.76143
0.698315 -0.639333 -0.629731 1.71533
0.720793 -0.810372 -0.462741 1.68996
0.607821 -0.599881 -0.427091 1.32999
0.562177 -0.331756 -0.57151 1.11592
0.361722 -0.869196 -1.11846 1.1242
0.28125 -0.74321 -0.691892 1.78389
-0.111361 -0.688782 -0.681945 1.66314
0.0254028 -0.400468 -0.705486 1.70865
-0.0309332 -0.798159 -1.18027 1.02797
-0.187324 -0.785241 -0.714583 1.53069
0.087579 -0.937987 -0.466654 1.47454
-0.0952388 -1.13469 -0.717961 1.26515
0.120905 -0.36846 -1.13255 1.84164
0.306683 -0.380889 -1.11567 1.24944
0.707308 -0.087766 -1.15505 0.876981
0.675362 -0.396723 -0.887639 1.74953
-0.0248737 -0.873026 -1.28556 1.42926
0.23773 -1.01125 -0.724278 1.72714
-0.489627 -0.30473 0.0684726 1.46961
-0.0956667 -0.138554 -0.895346 1.36443
-0.404392 -0.192608 -0.502087 1.77013
-0.457003 -0.236838 -0.605195 1.11739
-0.191534 -0.154456 -0.424812 1.42015
-0.674656 -0.265403 -0.124474 1.06108
-0.665703 0.194455 -0.275317 1.52697
-0.657979 -0.389391 0.0416503 1.51919
-1.2508 0.281261 -0.0386293 1.02258
-0.987737 -0.145853 -0.12393 1.74187
-1.31152 -0.204681 0.0107404 1.38225
-0.990449 -0.137222 -0.0448023 1.54314
-0.844446 -0.459527 -0.209995 1.03094
-0.34643 -0.335468 -0.497064 1.15017
-0.28463 -0.380886 -0.432798 1.82943
-1.06758 -0.437866 -0.760467 1.35795
-0.489087 -0.62899 -1.08934 1.04003
-0.503615 -0.0247823 -0.544596 1.1376
-0.596899 -0.296488 -0.666468 1.07402
-1.05156 0.0412979 -0.497137 1.93758
-0.631712 -0.233543 -0.479391 1.0911
-0.577757 -0.444718 -0.422755 1.04512
-1.18229 -0.309184 -0.380226 1.7949
-0.889339 -0.229636 -0.492574 1.10741
-0.272491 -0.90982 0.0728158 1.58708
-1.62988 -1.25764 -1.28272 1.78242
-0.250296 -0.128138 -0.219597 1.77791
-0.00748513 -0.944081 -0.0893774 1.32655
-0.371988 -0.645902 -0.284396 2.00841
-1.0109 -0.188062 0.216999 1.08435
0.0107766 -1.04219 -0.0259126 1.64401
-0.38651 -0.907946 -0.23657 1.25716
-0.503358 -1.20676 -0.418505 1.0363
-0.0925998 -1.02847 -0.291575 1.31143
-0.0460557 -1.24798 -0.203348 1.18333
-0.115265 -0.557788 -0.582889 1.41631
-0.141655 -0.820641 -0.59609 1.24256
-0.281311 -0.310393 -0.528755 1.80561
-0.598135 -0.125856 -0.308537 1.66272
-0.0407202 -0.924549 -0.419005 1.78346
-0.355297 -0.58108 -0.153506 1.7816
-0.144833 -1.03394 -0.505285 1.2968
-0.0808137 -1.11219 -0.395809 1.51174
-0.311939 -1.24083 -0.531011 1.25782
-0.828308 -0.500995 -0.150094 1.40333
-0.888061 -0.536673 -0.297642 1.04953
-0.812313 -0.68862 -0.128025 1.57651
-0.899208 -0.562234 -0.10111 1.0045
-0.79828 -0.959509 -0.189704 1.35588
-0.721247 -0.801071 -0.138508 1.27044
-0.738821 -0.791643 -0.378765 0.87179
-1.3256 -0.688814 0.20033 1.06241
-0.698584 0.00122464 -0.514526 1.80511
-1.18341 -0.394631 -0.327403 1.74274
-0.850559 -0.452454 0.0291214 0.938247
-0.919123 -0.107852 -0.182856 1.56964
-0.917344 0.969797 -2.07878 1.66827
-0.683251 -2.99049 2.21846 1.42998
-0.526581 -1.24012 0.00394419 1.40138
-0.645429 -1.11989 -0.176525 1.485
-0.727858 -1.01001 -0.339724 0.96167
-0.148374 -1.29054 -0.962806 1.87509
-0.256019 -0.140202 -0.597801 1.19172
-0.261656 -0.118552 -0.75252 1.59493
-0.370006 -0.100522 -0.654528 1.49153
-0.411092 -0.222575 -0.636242 1.11221
-0.28863 -0.311095 -0.60039 1.8506
-0.143222 -0.0609668 -0.606883 1.34037
-0.334434 -0.139841 -0.681443 1.29955
-0.200088 -0.0545417 -1.07108 1.66581
-0.148625 0.675143 -0.740988 1.62732
-1.06357 -3.19472 -2.37711 1.12972
-0.0488757 -0.207954 -0.908861 1.40391
-0.346026 -0.206623 -0.976658 1.75935
-0.219097 -0.291841 -1.10031 1.695
-0.349698 -0.153209 -0.700376 1.2657
-0.497459 -0.164671 -0.657073 1.09108
-0.78286 0.0790122 -0.574706 1.69224
-0.898821 -0.142571 -0.452181 1.64843
-0.39259 -0.14499 -1.00888 1.28664
-0.926378 -0.0185872 -0.558117 0.936714
-0.952351 -0.140979 -0.49123 0.922459
-0.725675 -0.210105 -0.50868 1.18416
-0.808002 -0.23056 -0.492825 1.03362
-0.618031 0.0402277 -0.748302 1.72584
-0.792431 -0.0832575 -0.795081 1.20368
-0.720086 -0.157071 -0.756087 0.751785
-0.434163 -0.0869758 -0.970234 1.40285
-0.616127 -0.212792 -0.88159 1.33721
-0.496185 -0.141529 -0.929121 1.1125
-0.522957 -0.12936 -0.706615 0.854797
-0.699718 -0.163246 -0.705861 1.69071
-0.560235 0.11186 -1.05557 1.20787
0.0846776 -1.11314 -0.360892 1.37514
-0.232321 -0.405338 -0.657191 1.21705
-0.0126177 -0.459916 -0.725355 1.77571
-0.363301 -0.634473 -0.682201 1.36224
-0.115413 -0.876338 -0.625426 0.960874
-0.090216 -0.906729 -0.603184 0.977123
-0.250263 -1.01144 -0.668899 1.60645
-0.20684 -1.01175 -0.511975 0.817581
0.00148183 -0.481785 -1.12616 1.30213
0.338198 -0.687832 -0.999676 1.1648
-0.311537 -0.275364 -1.00712 1.31037
-0.0420862 -0.233817 -0.27707 0.914842
-0.250589 -0.0405496 -0.977361 1.29774
-0.386287 -0.68186 -0.887948 1.69149
-0.181467 -0.788575 -0.610086 1.49517
0.0461545 -0.413632 -0.974536 0.794601
-0.606334 -0.249837 -1.07999 1.56041
-0.788757 -0.523332 -0.112612 1.50663
-0.128553 -0.76565 -1.00548 1.27287
-0.781784 -0.369278 -0.495383 1.35014
-0.738649 -0.843424 -0.536063 1.08437
-0.582157 -0.629041 -0.260996 1.28013
-0.81343 -0.336881 -0.577477 1.32657
-0.754895 -0.422287 -0.407017 1.44286
-0.331589 -0.752753 -0.206206 1.42573
-0.316204 -0.597959 -0.829422 1.29959
-0.466326 -0.0590171 -0.831458 1.27129
-0.711482 -0.951125 -0.908142 0.791409
