0.494193 0.468282 0.652145 1.51603
0.647235 0.494592 0.346877 1.40633
0.650288 0.447069 0.560967 1.3922
0.658337 0.342935 0.547272 0.77182
0.601447 0.298094 0.514931 0.889408
0.58377 0.653664 0.684562 0.972093
0.547124 0.736081 0.350379 1.72388
0.290927 0.940435 0.228623 0.966097
1.43829 2.52387 0.574579 1.57009
0.285119 -1.61022 0.0796758 1.61604
0.605062 0.47321 0.483546 1.03293
0.644129 0.629978 0.39661 1.45441
0.416672 0.87163 0.681859 1.6138
0.100635 1.0177 0.678103 1.38148
0.224866 0.495368 0.980941 1.25198
0.24153 0.846597 0.511646 1.08843
0.368518 0.71731 0.682862 1.05757
-0.00567622 1.00044 0.805237 1.77846
0.375421 0.462359 1.05153 1.67987
0.0851855 0.627803 1.14109 1.45791
0.36225 0.766602 1.19202 1.89022
0.942509 0.855589 0.786542 1.24439
0.60827 1.57527 -0.0128449 1.28037
0.271947 0.520373 0.198781 1.8662
-0.199063 1.04524 0.587737 1.75642
0.593432 1.63029 -0.606815 1.14771
0.652898 0.487273 0.252996 0.973925
0.202344 0.696149 0.621114 1.40043
-0.0247862 0.824128 0.404683 1.56697
0.353308 0.859641 0.254971 1.44052
0.675641 0.253408 0.602204 1.22316
0.918777 0.320567 0.781885 1.18165
0.615977 0.38991 0.905168 1.37516
0.743561 0.47789 0.543524 1.04936
0.726752 0.116054 1.06879 1.31288
1.10577 0.289818 0.779082 1.08953
0.644406 0.337992 1.02103 1.60808
1.15368 0.251494 0.580281 1.36811
0.430195 0.166495 1.21516 1.35573
1.10618 0.486483 0.439475 0.925032
0.915711 0.478886 0.581049 1.10394
1.25273 0.152844 0.495607 1.45064
1.0223 0.385307 0.572251 1.77183
0.706377 0.539074 0.582366 1.96494
0.466663 0.52013 0.974012 1.59958
0.74558 0.410756 1.0152 1.0516
0.107381 0.267938 1.34076 1.89535
0.454205 0.0558637 1.36494 1.44096
0.680549 0.687368 0.943385 1.05859
1.3722 3.30851 2.24655 1.29243
0.427271 0.586615 0.997765 1.97188
0.467648 -0.545835 0.735357 1.95018
-0.0559733 -0.0131138 1.37212 1.27398
-0.188078 0.308032 1.23087 1.3203
0.226665 -0.0425058 1.4126 1.93035
0.691444 0.6334 0.582918 1.90738
0.646861 0.667958 0.192203 1.1427
0.42141 0.690323 0.226033 1.26052
1.04116 0.457991 2.37891 1.63574
-0.203522 0.452646 -0.681527 1.91414
0.100629 0.980544 0.505807 1.25982
0.558229 0.678043 0.506624 1.15472
0.420551 0.236851 0.64393 1.78048
0.462398 0.0233629 0.501082 1.56211
0.139135 0.568916 0.722293 1.96387
1.14982 -0.0973056 1.99625 1.90375
-1.31437 -0.359257 -0.970854 1.56683
-0.517152 0.059869 0.73391 1.90095
0.911622 1.44971 -0.0820154 1.45219
-0.130073 0.5295 0.387941 2.01261
0.638675 0.775673 0.247281 1.0871
0.491563 0.76806 0.0894882 1.28492
0.50273 0.799133 0.278062 1.19952
0.627509 0.609232 0.169812 1.86188
-0.195479 0.483137 2.4095 1.55646
2.20815 1.30958 -3.82422 1.26253
0.734805 0.875598 -0.0561961 0.915351
0.830827 0.654659 0.00631979 0.92879
0.473614 0.769465 0.236727 1.42438
0.50458 1.02844 -0.043639 1.37779
0.798647 0.511568 -0.160868 1.01845
-0.180506 0.95671 0.819348 0.923538
0.819308 0.550675 0.136021 0.947273
0.902783 0.369258 0.124925 1.10204
0.904491 0.446389 0.0451283 0.959833
0.759877 0.515534 0.160716 1.20216
0.215306 0.826905 0.0619996 1.63924
0.235511 0.583633 0.753566 1.22894
0.204518 1.08335 0.1176 1.13724
0.335618 0.717307 0.2482 1.36015
0.100324 0.918182 0.539052 1.60352
0.637261 0.922417 0.169901 1.78378
-0.350398 0.332748 0.27247 1.93834
3.20146 2.75571 -1.85822 1.20535
0.38594 0.67346 0.0542592 1.44779
0.0894607 0.661859 0.084999 1.58544
1.20168 0.506214 0.260392 1.65875
0.825743 0.707479 0.326444 1.50295
1.3252 0.275709 0.225462 1.01677
1.368 0.416723 0.715039 1.38561
0.426188 0.222748 0.989043 1.56065
1.20569 0.567452 0.293515 1.97516
0.641944 0.166437 0.165037 1.5196
0.799474 0.482913 0.0233371 0.984733
1.22257 0.241123 -0.00140193 1.11115
1.11843 0.550112 -0.313312 1.73963
0.746235 0.705595 0.00409909 1.93809
1.25382 0.335881 -0.00654708 1.22367
0.346662 -0.161397 -0.740745 1.17568
1.01092 0.157228 -0.255531 1.58426
0.33596 0.954737 0.282689 1.37946
0.74621 0.766776 0.095651 1.31176
0.0535078 0.824495 0.322102 1.65591
0.492376 0.531346 0.44451 1.89547
0.538455 0.735454 0.191613 1.81655
0.292196 0.177717 0.200352 1.96948
-0.329055 -0.533558 0.247689 1.70685
0.42078 0.689582 0.219369 2.15595
-0.125568 0.117355 0.281682 1.91429
0.442312 0.696942 -0.181106 1.55358
0.710037 0.555415 -0.224186 1.57306
0.444654 0.619148 -0.0362839 1.51083
0.249413 0.722691 -0.13827 1.66006
0.549817 0.243459 -0.141487 2.04962
0.342911 0.303897 -0.350458 1.77701
0.567843 0.332815 -0.359482 1.16008
0.316006 0.655714 -0.00521559 1.53996
0.043831 0.612032 0.0496774 2.10924
0.323349 0.391524 -0.112963 2.02234
-0.0668833 -0.165473 -0.121294 2.04445
-0.133011 0.901613 0.676211 1.5299
-0.26556 0.588162 1.05886 1.2584
-0.127281 0.895919 0.925668 1.73079
-0.809994 0.536377 0.954174 1.26514
-0.133406 0.721095 0.292344 1.77619
-0.0865917 1.19888 0.302632 1.60134
-0.159983 1.08304 0.372783 1.19869
-0.339664 1.01702 0.25365 1.56578
-0.279153 0.867145 0.245729 1.78462
-0.283399 0.494447 0.729201 1.70046
-0.184722 0.696779 0.257489 1.42277
-0.501045 0.600236 0.534972 1.21036
-0.339571 0.878874 0.659907 1.29538
-0.634373 0.545004 0.595018 1.16867
-0.278249 0.458078 0.99699 1.44683
-0.462637 0.50704 0.625554 1.73739
-0.503698 0.418296 0.788245 0.728739
-0.702699 0.41106 0.670301 1.10666
-0.594052 0.366978 0.629048 1.59006
-1.20336 0.822721 -0.0996708 0.803695
-0.306369 0.751084 0.379493 1.54178
-0.412267 0.779138 0.266858 1.20027
-0.402512 0.902049 0.289358 1.00592
-0.372419 0.830598 0.306311 1.43861
1.01789 0.771417 1.48616 1.54359
-2.42302 0.417107 -0.531025 1.67013
-0.592414 0.583887 0.337143 1.722
-0.62602 0.39472 0.500542 1.23956
-0.935589 0.350513 0.249125 0.989207
-0.193722 0.469704 1.75833 1.49932
-0.374237 0.396691 1.39581 0.963309
-0.128719 -0.112335 0.838535 1.49958
-0.343154 0.369457 1.24302 1.09167
-0.391257 0.207765 1.20063 1.91763
0.104913 -0.315533 1.27987 1.30868
-0.225713 0.139179 1.18753 1.83082
-0.381916 0.238041 1.12038 1.26064
-0.614771 -0.0948667 1.07187 1.02066
0.0288046 0.680359 0.327171 1.14545
-0.470725 0.787395 0.698847 1.31501
-0.306753 0.636216 0.724663 1.96002
-0.342263 0.103553 0.74765 1.68615
0.267423 0.880372 0.661412 1.14658
-0.770263 0.571713 0.869997 1.61153
-0.641059 0.938122 0.212115 1.22886
-0.221902 0.491443 0.500134 2.03297
-1.52406 0.570379 1.19522 1.95054
-0.63988 0.0687869 1.42683 1.42725
0.0991069 0.487787 0.20874 1.293
1.04247 0.890025 1.15333 1.88815
-0.0495459 -0.726244 -0.28473 1.66149
-1.04092 -0.164108 -0.679051 1.54059
-0.332921 0.405957 1.01343 1.5715
-0.616727 0.400361 0.906013 1.5978
-0.85531 0.282695 0.577116 1.4774
0.0147971 0.0281236 1.04161 1.24079
-0.613119 0.292661 0.957073 1.51093
-0.704994 0.231208 0.565064 1.8193
-0.472481 0.04414 0.915727 1.72178
-1.0399 0.206715 0.933343 1.4538
-1.09103 0.12305 0.321486 1.27142
-0.92579 0.48367 0.7253 1.27407
-1.02613 0.321877 0.516255 1.252
-0.903985 0.589473 -0.0395283 0.967937
-0.86558 0.172131 0.284727 1.34017
-1.13051 -0.068169 0.318486 1.00972
-0.784174 0.121651 0.641197 1.61976
-1.08587 0.311186 0.280295 1.11496
-1.11529 0.473797 0.356836 1.22589
-0.998563 0.0233963 0.394439 1.71162
-0.0204994 1.10293 0.251957 1.42024
0.0071529 0.783901 0.268534 0.989397
-0.0565402 1.18863 -0.214583 1.36675
-0.140388 0.956048 0.105824 1.50962
-0.321864 0.859405 0.162168 1.01449
-0.0578685 0.742646 0.215766 1.22953
-0.276865 0.742213 0.256747 1.54132
-0.0983088 0.71644 0.146205 1.1304
-0.4296 0.857031 0.305119 1.34987
-0.163657 1.04484 0.0734167 1.08374
0.218848 0.890613 0.155123 1.61546
-0.359724 0.763425 0.000842425 1.52498
0.0687682 0.727448 0.058478 1.08813
-0.687432 0.828657 0.172353 1.52476
-0.46989 0.749197 0.251039 1.18058
-0.485954 0.635653 0.137805 1.03187
-1.05861 0.521755 0.133507 1.69082
-0.676072 0.36001 0.299179 1.25248
-0.893517 0.425018 0.136528 1.80656
-0.390906 0.970082 0.252139 1.81367
-0.447986 0.852233 0.270428 1.12224
-0.311825 1.21956 0.206678 1.33343
-0.559092 0.737022 -0.432773 1.39527
-0.735854 0.8291 0.110861 0.952191
-0.810904 0.896341 -0.0436257 1.46068
-0.970989 0.603237 -0.0481992 1.21959
-0.766384 0.633113 0.620778 1.37711
-0.533566 0.682784 0.00551571 1.78585
-0.744699 0.536335 -0.307147 1.01157
-0.435816 0.462927 0.399931 1.50343
-0.393362 0.721501 0.281773 1.84124
-0.436509 0.616391 0.322439 1.3461
-0.187059 0.0172886 0.456875 1.37966
-0.308402 0.467282 0.576771 1.61934
-0.610658 -0.0391703 0.22899 1.88398
-0.229853 0.467431 0.107249 1.63245
-0.862675 0.228097 0.0638778 1.58221
-0.403023 -0.026633 0.146491 1.31249
0.204624 0.77808 -0.0346151 1.52974
-0.0465115 0.823664 0.0659267 1.27298
-0.177522 0.657818 0.0127884 1.97084
-0.530238 0.784214 0.0379015 1.81318
0.019334 0.151028 0.299256 1.52045
-0.472771 0.395921 0.00177485 1.64797
-0.516913 0.272573 0.0364199 1.39631
-0.246403 -0.0837003 -0.0442046 1.96345
-0.495825 0.233971 0.132334 1.54239
-0.796371 0.446408 0.376866 1.54748
-0.604511 0.28542 0.137331 1.63439
-0.824754 0.350508 0.333234 1.55023
-0.994159 0.20359 0.217327 0.993072
-0.865722 0.732563 0.445103 1.28375
-1.11151 -0.293257 0.0802775 1.56444
-0.869439 0.293028 0.111878 1.68759
-0.491074 0.259633 0.0797788 1.23451
-1.0915 0.429242 0.0381082 1.49976
-1.02257 0.348757 0.179977 1.49981
-0.681815 0.209974 0.00464939 1.54204
-1.04018 0.198271 0.228393 1.27707
-0.994017 0.146557 0.100179 1.39911
1.12822 0.0514099 0.745168 1.11779
0.284949 -0.0209898 2.51874 1.4933
-1.40296 0.614467 1.9283 1.85226
0.67786 -0.725894 1.19008 1.04104
1.65888 0.131319 -0.00792227 0.790523
0.763193 -0.255974 0.800383 1.62295
0.776185 -0.208821 1.1559 0.869399
0.713279 -0.315301 1.45159 1.24978
-0.545981 0.367028 -0.41555 0.961303
0.778407 -0.420218 0.90044 1.74554
0.598276 -0.345742 1.03667 1.39568
3.72592 -0.881894 -1.27375 1.8335
0.898039 -0.0122703 1.0081 1.35796
0.524825 0.320914 0.38198 1.33149
1.04779 -0.201966 0.590355 1.07659
0.995503 -0.180561 0.645184 1.42646
1.12307 -0.0197017 0.393395 1.41797
1.07219 -0.0999748 0.639168 1.14261
0.834726 -0.596634 0.466788 1.50567
0.86411 -0.470226 0.606024 1.28087
0.497191 -0.0392942 1.2617 1.12333
0.73839 -0.10938 1.31423 1.74556
-0.155983 -0.00724756 1.63075 1.92477
-0.0609912 -0.442981 1.04616 1.6594
0.47527 -0.0436846 1.25986 1.40488
0.157592 0.00863173 1.07617 1.1933
0.228826 -0.0556421 1.0065 1.71229
-0.373863 0.302357 0.955371 1.26295
-0.026413 -0.476697 0.927189 1.87083
0.194307 -0.20463 1.34214 1.17325
0.0323971 -0.424019 1.28269 1.34854
0.586729 -0.000544897 0.727739 1.14005
0.269853 0.29322 0.905159 1.42826
0.696907 -0.331108 0.586383 1.644
0.128919 -0.0832351 0.620959 1.55036
0.452449 -0.290565 0.554141 1.60306
-0.193604 -0.323034 0.884805 2.02405
0.39476 -0.378892 1.03842 1.80364
-0.108314 -0.719499 0.929703 1.96266
-0.0600537 -0.0431884 0.732266 1.88793
-0.137009 0.710645 0.115906 1.21951
-0.73704 -0.578042 0.521604 1.30931
0.607726 -0.4471 0.898368 0.793349
0.853293 -0.337012 0.687225 1.104
0.676121 -0.684819 0.843915 1.54275
0.603636 -0.744322 0.927498 1.68512
0.380398 -0.733433 0.794038 1.20655
0.87252 -0.49119 0.629487 1.57555
0.760889 -0.463329 0.465145 1.70862
0.572072 -0.75608 0.395948 1.65464
0.6692 -0.687901 0.34613 0.971645
1.02611 -0.634749 0.432316 0.941815
0.613498 -0.978475 0.376224 1.53702
0.508544 -0.871576 0.552393 1.77413
0.371511 -1.0278 0.472998 1.46123
0.292538 -0.625258 1.20957 1.06806
0.169715 -0.639897 1.16024 1.73183
0.119856 -0.442187 1.15139 1.1066
0.056654 -0.647365 1.18124 1.52582
0.399773 -1.05331 0.678776 1.43716
0.204022 -0.652271 1.13781 1.55912
-0.16008 -0.545517 0.929231 1.03802
-0.299851 -0.979223 0.687108 1.26921
0.603618 -0.471215 0.56911 1.88728
0.365729 -0.856669 0.900135 1.60814
-0.217475 -0.559028 0.79281 1.75447
0.436439 -0.844748 0.377793 1.63237
-0.111919 -0.946224 1.09462 1.93536
0.509088 -0.841647 0.630737 1.64874
-0.0772133 -1.31512 0.61011 1.08838
0.383338 -1.1414 0.395818 1.07936
0.301449 -1.07444 0.217022 1.36316
0.162878 -1.1427 0.405321 1.49013
0.0784279 -1.32483 0.129884 1.89601
1.17073 -0.140685 0.452828 1.16244
1.32161 -0.0282111 0.791812 1.39395
0.67479 -0.11352 0.125522 1.6688
0.226631 0.23873 0.47932 2.04418
1.21207 0.152278 0.102722 1.90574
1.12888 -0.245659 0.428223 1.41552
1.05441 -0.138236 0.273889 1.5369
0.378124 -0.0907054 -0.211862 1.69541
0.756171 -0.19089 -0.118231 1.31477
1.19487 -0.676883 1.11829 1.87861
0.894689 -0.431924 0.451168 1.93096
1.28915 0.104834 -0.131748 1.58879
1.30843 0.04518 0.0899891 1.84421
0.742109 0.38642 0.148885 1.55583
0.550396 0.187096 -0.15298 1.74952
0.649862 0.166767 -0.306246 1.87679
1.5559 -0.447211 0.078459 1.74049
1.37725 -0.245415 0.290134 1.06039
1.24172 -0.412051 0.235547 1.91077
1.30817 -0.054057 -0.143051 1.65729
1.25051 -0.41412 -0.114141 1.72666
0.812572 0.0479974 -0.224121 1.38601
0.939614 -0.0739068 -0.234429 2.04507
0.374277 -0.0102652 0.453586 1.38638
0.269754 -0.148685 0.453656 1.37391
-0.275783 -0.254024 0.386063 2.11634
-0.0420473 -0.178977 0.032116 2.1497
0.617051 -0.289809 0.444997 2.05374
0.00392616 -0.401726 0.0372988 1.70203
0.739701 -1.17275 0.0779708 1.39483
-0.0659749 -0.85071 0.194075 1.97568
-0.12323 -0.404003 0.065974 1.98459
0.141715 -0.196267 0.176659 1.9229
-0.0437079 -0.506941 0.123771 1.7062
0.387224 -0.00209596 -0.159275 1.39896
0.425308 -0.443285 -0.110752 1.72526
0.299294 -0.26223 -0.0267255 2.12648
-0.144616 -0.420479 0.0201295 1.21228
-0.140159 -0.190943 0.0402483 1.62575
0.0411248 -0.503779 0.0530824 1.47003
-0.228537 -0.426885 0.0271074 1.70745
1.28866 -0.345985 0.296435 1.72109
1.13457 -0.670319 0.0869775 1.03738
0.857737 -0.84099 0.12463 1.746
0.78519 -0.867548 0.393701 1.7776
0.914694 -0.741262 0.221965 1.69367
0.490913 -0.994107 0.148993 1.03599
0.876064 -1.55358 -0.414941 1.05296
1.14002 -0.617373 -0.0900495 1.28643
0.0336559 -0.275325 0.633674 1.96297
0.564513 -1.30494 0.0518149 1.09031
1.12387 -1.30318 -0.598405 2.03046
1.08947 -0.645826 -0.183382 1.71845
1.0835 -0.644469 0.263063 1.01193
0.816395 -0.845904 -0.0403678 1.50581
0.619614 -1.16822 0.0727542 0.92782
0.601764 -1.08664 0.0724123 0.894812
0.525752 -1.07374 0.139316 1.02211
0.505517 -0.9279 0.496188 1.73868
0.384134 -1.11757 0.124385 1.98037
0.20929 -0.683665 0.249067 1.68621
0.213381 -0.59851 0.453972 1.44736
-0.432489 -0.922049 -0.114963 1.77326
0.369828 -1.0269 -0.0193272 2.00715
0.608695 -1.33032 0.212299 1.40517
-0.196564 -1.64507 0.334251 1.39125
-0.380596 -1.03673 -0.153687 1.33463
0.0678682 -0.802156 -0.0354905 1.27646
-0.128244 -0.813929 0.104602 1.43673
-0.0358295 -1.27889 0.317049 1.34902
0.242387 -1.17688 0.136681 1.09221
-0.234959 -0.126996 1.06999 1.22383
-0.338001 -0.235244 1.18257 1.85338
-0.214364 -0.176409 1.18153 1.3477
-0.306285 -0.405639 0.968534 1.19508
-0.288053 -0.280815 1.03951 1.08503
-0.21164 -0.240011 1.13997 1.40442
-0.302349 -0.323893 0.991482 1.05455
-0.247838 -0.341513 0.79005 1.38798
-0.447416 -0.262053 0.803488 1.1023
-0.0750606 -0.116052 0.87098 1.86931
-0.380543 -0.449137 0.308053 1.56944
-0.193675 -0.018128 0.792152 1.5198
-0.468624 0.180372 0.442837 1.7876
-0.344626 -0.436494 0.460307 1.81317
-0.287846 -0.355274 0.521929 1.87449
-0.335725 -0.491531 0.681439 1.25756
2.73268 -0.205219 2.2918 1.96546
-7.08274 0.000460044 -1.75283 1.54393
-0.770199 -0.0512329 0.779707 1.25489
-0.789591 -0.0845164 0.784598 1.7125
-0.989679 -0.15127 0.46221 1.42393
-0.458343 -0.278281 0.735323 1.78335
-0.859828 -0.231041 0.785947 1.64817
-0.830241 0.027395 0.831282 1.76984
-1.01295 -0.0432311 0.24345 1.08413
-0.949325 -0.145752 0.701666 1.48779
-0.844903 -0.269764 0.435045 2.00676
-0.899524 -0.119097 0.370722 1.01952
-0.869 -0.226452 0.319 1.00875
-0.139332 -0.0887443 1.25116 1.83562
-0.294454 -0.89422 1.28799 1.51288
-0.246265 -0.80725 1.02261 0.890509
-0.0134922 -0.803955 0.538011 1.63119
-0.358494 -0.434823 0.958801 1.78058
-0.24011 -0.602546 0.916076 0.978256
-0.102808 -0.827411 0.817994 1.222
-0.0546157 -0.799033 0.752021 0.936609
-0.239462 -0.681999 0.922522 0.94806
-0.313709 -0.618744 0.996345 1.06757
-0.200795 -0.740609 0.840702 1.07336
-0.249781 -0.420873 0.557812 1.25377
-0.146761 -0.545517 0.507253 1.94524
0.0480943 -0.838399 0.796699 1.70822
-0.227683 -1.10386 0.952378 1.88939
0.0836695 -1.20333 0.624512 1.73249
-0.460204 -0.406039 0.948955 1.22515
-0.703256 -0.467969 0.499572 1.62842
-0.42943 -0.778076 0.527401 1.01216
-0.382813 -0.578834 0.803771 1.67909
-1.78637 0.697004 0.664733 0.803165
-0.465346 -0.49366 0.692112 1.34806
-0.339929 -0.605498 0.783214 1.04854
-0.530713 -0.648283 0.535197 1.3631
0.394692 0.445927 0.62526 1.31468
-0.897763 -0.810813 0.369265 1.55809
-0.886109 -0.203159 0.417325 1.08378
-0.625559 -0.371524 0.649784 1.82756
-0.9655 -0.417805 0.377817 0.854618
-0.976458 -0.301738 0.32569 0.993695
-0.692375 -0.651689 0.732554 1.74273
-0.485698 -1.25795 0.766025 1.22706
-0.588989 0.0363239 0.278648 1.584
-0.934656 -1.52927 1.2062 1.22155
-0.830876 -0.544211 0.410152 1.52006
-0.954419 -0.436084 0.649719 1.06771
-0.696319 -0.820549 0.465952 1.70602
-0.901009 -0.86429 0.182649 0.900271
-0.339363 -0.260362 0.0921321 1.53858
-0.373941 -0.324316 0.120793 1.24012
0.447913 -0.367825 0.624664 1.21198
-0.458142 -0.0301593 0.150773 1.78858
-0.221644 -0.440672 0.184072 1.94451
-0.450727 -0.399027 0.40475 1.43335
-0.360531 -0.515836 0.452955 2.0192
-0.500864 -0.123403 0.0208127 1.38277
-0.40132 -0.294284 -0.0255102 1.57887
-0.323938 -0.352307 -0.097861 1.30711
-0.277176 -0.231997 0.0169629 1.75412
-0.741456 -0.335037 0.0698518 1.32782
-0.221741 -0.323607 -0.125997 1.40152
-0.624484 -0.315744 0.214901 2.04664
-0.222315 0.161082 -0.775286 1.50684
-0.814254 -0.0628478 0.312315 1.18621
-0.813668 0.101828 0.228213 2.03099
-0.695124 -0.30328 0.201808 1.34045
-1.12808 -0.151703 0.295385 1.21602
-1.02899 -0.184915 0.243967 1.6398
-0.696708 -0.205033 0.34881 1.78801
-0.906809 -0.25407 0.217892 1.11573
-0.724304 -0.209846 0.259546 1.66854
-0.539714 0.153346 -0.0475917 1.49702
-0.661854 -0.237445 -0.246348 1.76325
-1.18522 0.040489 0.150955 1.66061
-0.959512 -0.198414 0.182849 1.80152
-0.897907 -0.451839 -0.0429377 1.31852
-0.897713 -0.417982 -0.0725032 1.89902
-0.353845 -0.516212 0.343322 1.42164
-0.0980202 -0.755501 0.347294 1.24232
-0.244398 -0.782413 0.286969 1.31791
-0.37735 -0.641451 0.140804 1.34657
-0.143199 -1.34827 -0.214057 1.16447
0.428312 -0.60108 0.134815 1.62094
-0.693261 -0.96611 -0.178292 1.69225
0.125525 -1.38754 -0.083559 1.28071
-0.156821 -1.3518 -0.109193 1.62521
0.130846 -0.761797 -0.0367458 2.01283
-0.0946857 -0.964173 -0.107813 1.14062
-0.454259 -0.582559 0.207243 1.90792
-0.546535 -0.315526 -0.114939 2.02871
-0.549514 -0.758582 -0.015866 1.94489
0.0542691 -1.09077 0.0184125 1.29795
-0.120043 -1.12819 0.0813286 1.23869
-0.0435971 -1.1917 0.0765792 1.04854
-0.196289 -0.973429 0.094673 1.02042
-0.454526 -0.838497 0.046615 1.2186
-0.301492 -1.32266 0.033074 1.67144
-0.859979 -0.435644 -0.265503 1.56741
-0.881393 -0.24487 0.242999 1.73168
-0.966376 -0.2416 0.229803 1.71865
-0.918481 -0.508738 -0.178522 0.921996
-0.611806 -0.411987 0.170725 1.09831
-0.722304 -0.76053 0.259624 1.76713
-0.602542 -1.20559 0.232699 1.18515
-0.350706 -0.675427 0.218975 1.49989
-0.482169 -1.07249 -0.100097 1.5164
-1.05531 -1.00121 0.570201 0.907498
-1.1459 -0.456709 0.11514 1.61358
-0.734765 -1.0013 0.0926311 1.7281
-0.610595 -0.534884 0.0325758 1.31051
-0.828569 -0.350649 0.0862456 1.46026
-1.09834 -0.321602 -0.051659 1.74964
-0.580456 -0.911343 0.0225596 1.78236
-0.955861 -0.488635 -0.164653 1.08614
-0.847614 -0.564983 -0.3511 1.44872
0.901111 0.622236 -0.172778 1.44956
0.525511 1.01076 -0.519956 0.995752
0.620418 0.874959 -0.0438632 1.07324
0.46959 0.591426 -0.00433379 1.22966
0.984555 0.388529 -0.15184 0.985524
0.870226 0.547303 -0.122106 1.19781
0.646963 0.520487 0.000798283 1.7966
0.735122 0.629634 -0.150268 0.882301
0.802535 0.602028 -0.183771 1.59279
0.677206 0.628618 -0.20766 1.45317
0.454836 0.84935 -0.258876 1.4972
0.777038 0.557756 -0.490465 1.29808
0.675556 0.577842 -0.19026 1.48102
0.111565 1.1734 0.26853 1.60445
0.142005 0.684438 0.130193 0.987529
0.258364 0.811334 -0.15143 1.44041
0.828866 1.61527 0.114727 1.59783
-0.0341225 0.92247 -0.0392548 1.18506
0.0209525 1.00357 0.0264429 1.36224
-0.6214 0.534525 -0.811732 1.48482
0.368851 0.609237 -0.0821311 1.46232
-0.107622 0.987391 -0.125207 1.69212
0.196826 0.6274 -0.0634371 1.75693
0.529266 0.886192 -0.161706 1.52555
0.433453 1.12305 -0.193939 0.950826
0.11927 1.04318 -0.316331 1.47712
0.296116 1.00552 -0.429955 1.00418
0.0450163 0.991954 -0.245469 0.958028
-0.0170329 0.748881 -0.252043 1.19514
0.370982 0.858198 -0.300396 1.67317
0.264333 0.406868 -0.209644 1.88611
0.263802 0.41872 -0.527177 1.8087
0.0406847 0.923931 -0.420156 1.23625
0.175642 0.618426 -0.360998 1.0858
0.202269 0.977852 -0.741572 1.45929
-0.196398 0.490227 -0.0216103 1.52305
0.96816 0.383584 -0.0149482 1.74753
1.0211 0.269438 -0.167569 1.84698
0.752521 0.40233 -0.225754 1.50872
1.04339 0.375933 -0.158032 1.63595
1.15462 0.080361 -0.243606 1.49324
0.945891 0.135812 -0.282414 1.24003
0.694847 0.120544 -0.350796 1.10349
0.759641 0.217089 -0.387708 1.33018
0.861422 0.252199 -0.329953 1.67532
0.609557 0.191113 -0.239276 1.73872
0.741668 0.103995 -0.307882 1.15653
0.707415 0.0755785 -0.422229 1.27847
0.317227 0.52329 -0.298452 1.79295
0.248216 0.491188 -0.212484 1.08329
0.643275 0.42822 -0.396962 1.48141
0.511507 0.215839 -0.538294 1.72931
0.366096 0.326622 -0.331173 2.12667
0.275998 0.407926 -0.478639 1.50418
0.360708 0.31749 -0.489071 1.40577
-0.0293246 0.1655 -0.609655 1.97204
0.53912 0.780074 -0.279254 1.25663
0.782155 0.649322 -0.428471 0.939717
0.78962 1.11528 -0.35509 0.838766
0.32877 0.866957 -0.481949 1.65994
1.03004 0.500622 -0.373482 1.6257
0.733309 0.459412 -0.270746 1.50813
0.272356 0.660431 -0.334832 1.38984
0.412917 -0.0106507 -0.585478 0.926868
0.506068 0.863192 -0.618044 1.70404
0.366395 0.620999 -0.623998 0.812567
1.60709 1.0827 -0.246288 0.988665
0.837624 0.367155 -0.506541 0.914772
0.708212 -0.00961985 -1.18179 0.809048
-0.306814 0.915537 -0.671399 1.5777
0.723698 -0.399595 -0.243461 1.54873
0.804748 0.599269 -1.63141 1.62358
0.154744 0.958848 -0.42014 1.1298
0.112465 0.476208 -0.455543 1.14617
0.254552 0.969528 -0.5976 1.04017
-0.0758747 1.0404 -0.580192 1.54587
0.127923 0.8395 -0.543201 0.990565
0.215532 0.445934 -0.652114 1.22953
0.027482 0.525494 -0.635226 1.2551
0.116856 0.864519 -0.549992 1.42369
0.221134 0.623512 -0.802257 1.23492
0.197973 0.802608 -0.847455 1.52398
0.172661 0.493983 -0.963172 1.07967
0.263204 0.381436 -0.930464 1.20334
0.144594 0.347172 -0.606464 1.17152
0.0279282 0.667853 -0.701362 1.77758
0.0947743 0.225092 -0.988732 1.22325
0.999764 0.202238 -0.365922 1.3164
0.763166 0.334861 -0.272179 0.874888
0.977395 -0.00601609 -0.324204 1.22935
0.630862 0.19338 -0.391515 1.88682
0.305626 0.366533 -0.595232 1.61724
0.948481 0.00814409 -0.472268 1.28402
0.658695 -0.00409875 -0.501771 1.40295
0.788412 0.343659 -0.353624 1.38064
0.687499 -0.0294965 -0.613725 1.14164
1.2634 -0.33858 -0.8591 0.94884
0.711309 -0.0567806 -0.683084 1.70283
0.798482 0.461465 -0.853427 1.45601
0.444269 0.0740193 -0.685599 1.79456
0.356177 0.162477 -1.04749 1.58421
0.543938 0.0701737 -0.700029 1.73839
0.349412 0.203529 -0.515232 1.74269
0.286141 0.244077 -0.584186 1.22167
0.169634 0.322576 -0.703636 1.62725
0.1881 0.427939 -0.663841 1.14692
-0.319131 0.461044 -0.749772 1.03604
0.261749 0.329908 -0.729966 1.31367
0.145308 0.370038 -0.868314 1.01572
0.220368 0.318466 -0.933428 1.29759
0.251207 0.197797 -0.716802 1.40935
0.0406083 0.224946 -0.809587 1.37429
0.180595 0.175574 -1.02141 1.7171
0.346577 0.0381526 -0.81359 1.27868
0.199709 0.100047 -0.833756 1.02096
0.178073 0.289421 -1.04874 1.54403
0.0378067 1.04481 -0.163884 0.938731
-0.00478335 0.895758 0.238655 1.4298
-0.592479 0.780796 0.0225414 1.54231
0.104286 2.22151 -0.890918 1.33387
0.202008 0.778085 -0.401807 1.82245
0.0862637 1.11531 -0.24642 1.25481
-0.0479242 0.899634 -0.0874824 1.98768
-0.0375129 0.779146 0.0706303 1.95987
-0.618745 0.836928 -0.250216 1.7319
-0.212644 0.373912 -0.622164 1.53206
-0.0791875 0.990936 -0.287811 1.35969
-0.0934928 0.685614 -0.628944 1.94225
-0.665798 1.21966 0.0854635 1.28763
-0.799022 1.41572 -0.103745 0.927459
-0.746499 1.18337 -0.169633 1.19171
-0.643745 0.516641 0.274415 1.73698
-0.452109 0.741926 -0.65558 1.65009
-0.992248 0.677554 -0.241361 1.23769
-1.0331 0.689658 -0.103109 0.788416
-0.852659 0.696536 -0.271181 1.02274
-0.744449 0.645049 -0.191812 1.16538
-0.77559 0.642313 -0.315296 1.00697
-0.937707 0.552572 -0.249509 1.03128
-0.358344 0.787245 -0.378453 0.936938
-0.521034 0.849462 -0.365791 1.22123
-0.676068 0.686058 -0.25287 1.2213
-0.864651 0.485922 -0.29508 1.1262
0.162243 0.60979 -0.219192 1.25394
-0.344961 0.604148 -0.0336421 1.86505
0.00586619 0.656754 -0.401506 1.58923
-0.260123 0.282612 -0.261523 1.31263
-0.488221 0.392312 -0.223543 1.15112
0.0379981 0.512704 -0.0934135 1.66858
-0.562841 0.414467 -0.151556 1.36498
-0.357835 0.121152 -0.293438 1.7977
-0.426988 -0.039668 -0.219905 1.93531
-0.0905109 0.194897 -0.530649 1.75734
-0.30743 0.352328 -0.261863 1.18796
-0.287563 0.84003 -1.21633 1.91116
-0.29002 -1.98177 0.901435 1.67612
1.55566 0.527676 1.22152 1.92601
-1.78276 0.473187 -2.03781 1.92894
-0.327091 0.130919 -0.64458 1.66572
0.148192 0.399909 -0.61241 1.78218
-0.228534 0.722831 -0.397981 1.43095
-0.337813 0.443081 -0.460545 1.2296
-0.338849 0.230645 -0.567966 1.2485
0.111529 0.27516 -0.54998 1.62351
-1.71931 -0.434508 -0.259247 1.20676
-0.251859 -0.141215 -0.496726 1.53582
-0.229321 0.19433 -0.745438 1.10584
-0.27213 0.0604758 -0.693953 1.31824
-0.336666 0.131025 -0.413796 1.56613
-0.485034 0.229537 -0.444524 1.60117
-0.438966 -0.000990412 -0.563789 1.1435
-0.453625 0.481326 -0.142515 1.53465
-0.710989 0.549562 -0.0501881 1.37741
-0.710519 0.297901 -0.0709677 1.76
-0.909951 0.631118 -0.0719284 1.31567
-1.05344 0.115419 -0.0428821 1.55796
-1.23517 0.399846 -0.142017 1.59896
-0.940671 0.147015 -0.254045 1.24444
-0.823594 0.683114 -0.0478134 1.93499
-0.814762 0.0905223 -0.210121 1.82024
-1.19614 0.099092 -0.186065 1.69751
-0.671886 0.243335 -0.248223 1.45445
-0.349363 0.89554 -0.306885 0.994492
-0.583603 0.414006 -0.488391 1.93894
-1.04375 0.638002 -0.201422 1.77688
-0.856747 0.774054 -0.541287 1.22056
-1.26214 0.035569 -0.438338 1.63826
-0.885194 0.0170434 -0.559749 1.7813
-0.660524 0.0203267 -0.582705 1.33076
0.00356211 0.925173 -0.268756 0.964404
-0.325024 0.950424 -0.345693 1.08927
-0.380976 0.784762 -0.411829 1.21313
-0.222221 0.926265 -0.43274 1.36173
-0.0800668 0.52916 -0.623579 1.58868
-0.338385 0.713889 -0.451546 1.3687
-0.281909 0.731012 -0.519959 1.39119
-0.271507 0.624371 -0.735993 1.18815
0.0435641 1.03516 -0.500574 1.13455
0.359306 0.856282 0.515441 1.59927
-0.37858 0.576078 -1.70412 1.657
-0.559462 0.904096 -0.769848 1.06038
0.0115791 0.783083 -0.828234 0.984072
-0.0949973 0.533784 -0.954627 1.11262
-0.318973 0.796112 -0.7057 1.17343
-0.200706 0.629733 -0.743003 0.802271
-0.61564 0.665597 -0.31886 1.52529
-0.570832 0.543582 -0.406217 0.760469
-0.492777 0.747407 -0.373448 1.52498
-0.345715 0.747085 -0.510534 1.42518
-0.830913 0.769738 -0.374228 1.22919
-0.831561 0.300835 -0.498175 1.61905
-0.327437 0.709298 -0.812449 1.33541
-0.115278 0.73057 -0.406246 1.05008
-0.504748 0.476236 -0.676143 1.19751
-0.25035 0.380772 -0.838147 1.47937
-0.556219 0.403276 -0.817403 1.66769
-0.374408 0.310613 -0.970789 1.48713
-0.778664 0.929038 -0.358265 0.876893
-0.864028 0.442321 -0.739114 1.53567
-0.769459 0.235673 -0.662158 0.921421
-0.33047 0.566843 -0.863932 1.07268
-0.197771 0.354466 -0.734986 1.72173
-0.326761 0.0553049 -0.633046 1.43199
-0.388102 0.509731 -0.0826349 1.09021
-0.149434 0.679066 -0.958719 1.51765
0.296125 0.231302 -1.69903 1.21719
-0.202066 -0.200224 -0.995147 1.56557
-0.306204 0.380925 -0.997078 1.09005
0.291937 0.186067 -0.907199 1.19688
0.302523 -0.255737 -0.691475 1.40742
-0.133687 0.766135 -1.52413 1.91889
-0.771869 -0.516628 0.163175 1.49821
-0.314384 -0.100649 -0.826443 1.42579
-0.398592 0.280845 -1.38585 1.26949
-0.193763 0.51498 -0.658993 1.09564
-0.605548 0.479639 -0.52946 1.49934
-0.457175 0.136402 -0.608322 1.0711
-0.432212 0.307576 -0.761141 1.58008
-0.98694 -0.139275 -0.517149 0.888422
-0.540333 0.125057 -0.692255 1.61578
-0.552316 -0.0749532 -0.568559 1.25854
-0.540245 -0.0560118 -0.766096 1.56304
-0.827688 0.165739 -0.525194 1.31072
-0.430335 0.078162 -1.066 1.04245
-0.426062 0.295342 -1.04684 1.00432
-0.646458 0.136024 -0.826149 1.7866
-0.521202 -0.0852522 -0.908535 1.00981
-0.889186 0.183377 -0.495398 0.905168
-0.657084 0.119165 -0.688362 1.11641
0.928508 0.0902442 -0.409053 1.11986
0.733687 0.11217 -0.406398 1.60988
1.36989 -0.14403 -0.270678 1.34149
1.03137 0.0197954 -0.255567 1.73031
0.705738 -0.135551 -0.225985 1.51499
0.571248 -0.0924096 -0.318935 1.31263
0.64306 -0.547644 -0.282167 1.79588
1.00037 -0.0110575 -0.512743 1.66413
0.929234 0.194641 -0.750185 1.33522
1.18367 0.0102701 -0.721769 1.62577
1.3604 -0.316385 -0.529147 1.01226
0.964214 -0.526793 -0.507398 1.85253
0.666463 -0.113062 -0.672831 1.33957
0.833878 0.280615 -0.35748 1.19898
0.614204 0.0892614 -0.323583 1.46529
0.376144 0.112414 -0.257783 1.84834
-0.0827677 -0.0926326 -0.476664 2.05018
-0.424562 -0.113889 -0.252511 1.80797
0.239256 -0.015941 -0.53242 2.09652
0.363032 -0.700275 -0.148192 1.412
0.171659 -0.161015 -0.102507 2.06862
0.529042 -0.452949 -0.254715 1.71797
-0.164175 -0.126976 -0.49971 1.41818
-0.0151612 0.149683 0.241085 1.88351
0.769918 0.00934004 -0.760264 1.64146
0.528958 -0.171497 -0.434059 2.02978
0.621868 -0.811365 -0.830315 1.94722
-0.173538 0.0454947 -0.2564 1.9133
-0.221784 -0.321853 -1.18807 1.90002
-0.234874 -0.559356 -0.639801 1.33737
0.931398 -0.517919 -0.340909 1.49173
0.706778 -0.655326 -0.160235 1.77242
0.80903 -1.08772 -0.171148 1.65947
0.386155 -0.880975 -0.394958 1.4674
0.926918 -0.850702 -0.135641 1.66944
0.763143 -0.985661 0.0576323 1.17329
0.540065 -1.21081 -0.0383206 1.69304
1.00788 -0.372375 -0.470917 0.922418
1.05789 -0.353567 -0.39952 1.03781
1.05841 -0.716235 -0.388377 1.64148
0.24695 -0.334002 -0.478863 1.65273
0.751759 -0.415819 -0.740184 1.74278
0.805484 -0.847751 -0.363815 1.46656
0.488579 -0.935739 0.791157 1.79069
0.414647 -0.847694 -0.528178 2.04354
0.539183 -0.504864 -0.88593 1.33997
-0.376631 -0.752851 0.122684 1.97589
0.5482 0.01111 -0.818086 1.52616
0.408301 -0.830945 0.123309 1.57373
-0.700651 -1.72998 3.44666 1.20235
1.96331 -0.394677 1.44613 1.46709
0.417351 -1.20102 -0.00767846 1.90911
0.00760389 -0.746256 -0.283633 1.57111
0.449897 -1.37732 -0.23203 1.35085
-0.00710667 -1.2709 -0.0744344 1.65637
0.596819 -0.316327 -0.485439 1.60704
0.176664 -1.0657 -0.612868 1.73823
0.436442 -0.77733 -0.515437 1.17951
-0.0744081 -0.396849 -0.859218 1.97389
0.181789 -0.827774 -0.532785 1.45784
-0.716406 -0.180749 -0.667154 1.25044
0.410777 -0.980412 -0.438923 1.69917
0.18019 -1.24517 -0.305571 0.93809
0.151778 -1.06289 -0.308969 1.44609
-0.00915226 -1.12231 -0.370573 1.84395
0.854548 -0.082197 -0.570032 0.987445
0.702335 0.0409069 -0.551268 1.18322
0.915 -0.194173 -0.540832 1.01849
0.856461 -0.157388 -0.581808 1.22325
0.721347 -0.0417565 -0.638481 1.51971
0.673477 0.0285806 -0.797686 1.48804
0.400576 0.14092 -1.03938 1.07924
0.470494 -0.0408278 -0.940217 1.22146
1.0143 -0.829369 -0.918918 0.939789
0.775017 -0.0855331 -0.649373 1.0806
0.751554 -0.159848 -0.707325 1.54389
0.540853 -0.321323 -0.845464 1.11539
0.63541 -0.0948465 -1.01824 1.14633
0.48086 -0.101841 -1.05914 1.32926
0.611847 0.0994089 -0.747882 1.83875
0.692172 0.239867 -0.454994 1.74154
-0.149159 0.0915444 -0.732567 1.68981
0.413368 0.140981 -0.934008 1.98009
-0.138064 0.100562 -0.850761 1.85827
0.287594 -0.206788 -0.767953 1.46695
0.5881 -0.327072 -0.468733 1.46458
0.479243 -0.290794 -0.99451 1.32988
0.179019 -0.175022 -1.0197 1.8839
-0.118551 -0.362463 -0.690239 1.82568
0.286008 0.0633741 -1.05492 1.60069
0.138482 0.0153709 -1.20801 1.85787
0.284093 -0.144611 -1.17855 1.58274
0.113971 -0.0931184 -1.03771 1.55779
0.0171865 -0.352095 -1.08092 1.40507
0.898794 -0.496252 -0.521683 1.71102
0.59147 -0.341508 -0.513212 1.62255
0.447919 -1.03194 -0.341019 1.76148
0.699133 -0.638834 -0.6283 1.71523
0.722188 -0.810044 -0.462316 1.69019
0.606104 -0.597025 -0.426075 1.32928
0.559801 -0.334179 -0.570527 1.11562
0.360875 -0.870031 -1.11762 1.12434
0.278285 -0.745962 -0.687736 1.78409
-0.119233 -0.690903 -0.681257 1.66375
0.0239587 -0.398121 -0.708737 1.70931
-0.0325197 -0.798828 -1.18071 1.02882
-0.188381 -0.784033 -0.714315 1.5308
0.0858744 -0.936265 -0.469569 1.47512
-0.0949941 -1.13463 -0.720719 1.26563
0.120603 -0.369012 -1.13449 1.84191
0.307889 -0.37876 -1.11495 1.24975
0.706634 -0.0865294 -1.15769 0.877413
0.672287 -0.395102 -0.889265 1.74988
-0.0269197 -0.871697 -1.28653 1.42957
0.235175 -1.01454 -0.724555 1.72755
-0.487959 -0.298137 0.068827 1.4689
-0.091058 -0.131187 -0.893566 1.3635
-0.398929 -0.189232 -0.499347 1.76936
-0.453164 -0.232881 -0.604109 1.11683
-0.190151 -0.146509 -0.424926 1.41983
-0.671753 -0.261818 -0.126361 1.05975
-0.660895 0.19694 -0.269997 1.52579
-0.654881 -0.387751 0.0445148 1.51809
-1.24664 0.28228 -0.0375187 1.02141
-0.984723 -0.142952 -0.121558 1.74069
-1.30849 -0.205174 0.0132045 1.38134
-0.986597 -0.134846 -0.0495196 1.54242
-0.847047 -0.452351 -0.210563 1.03091
-0.341109 -0.331735 -0.493838 1.14931
-0.279168 -0.380027 -0.428852 1.82833
-1.06472 -0.437044 -0.757084 1.35729
-0.486348 -0.627591 -1.08579 1.03947
-0.499421 -0.0253252 -0.535817 1.13675
-0.594713 -0.296738 -0.662705 1.07335
-1.0487 0.0443664 -0.494323 1.93671
-0.629825 -0.233334 -0.480441 1.09127
-0.577255 -0.443872 -0.425962 1.04424
-1.17614 -0.314172 -0.385554 1.7942
-0.889008 -0.228113 -0.48757 1.10705
-0.275336 -0.91045 0.0725518 1.58763
-1.62928 -1.2576 -1.28143 1.78301
-0.253261 -0.122731 -0.219042 1.77776
-0.00953516 -0.941279 -0.0886994 1.32662
-0.37355 -0.641469 -0.283939 2.00831
-1.0066 -0.185314 0.219022 1.08393
0.0101133 -1.04229 -0.0256183 1.64423
-0.384185 -0.908558 -0.236883 1.25741
-0.501632 -1.20801 -0.418721 1.0366
-0.091834 -1.02755 -0.290045 1.3117
-0.0464764 -1.24783 -0.20192 1.18357
-0.114849 -0.555282 -0.579535 1.41657
-0.141415 -0.819969 -0.5949 1.24326
-0.283466 -0.307858 -0.525874 1.80567
-0.595676 -0.123761 -0.305912 1.66235
-0.0382376 -0.92406 -0.416121 1.78355
-0.352491 -0.580235 -0.152344 1.7817
-0.142171 -1.03659 -0.507115 1.29773
-0.0834636 -1.1135 -0.393837 1.51188
-0.314473 -1.24318 -0.530666 1.25814
-0.827063 -0.496264 -0.147854 1.40332
-0.88795 -0.534674 -0.297006 1.05033
-0.810462 -0.685785 -0.128753 1.57705
-0.896243 -0.559216 -0.0970222 1.00504
-0.795773 -0.961675 -0.191046 1.35631
-0.720959 -0.804581 -0.138887 1.27061
-0.738983 -0.792665 -0.380681 0.871901
-1.32642 -0.691719 0.199841 1.06285
-0.699098 0.00156594 -0.514476 1.80521
-1.18525 -0.396943 -0.325405 1.74302
-0.849977 -0.44886 0.0269648 0.93856
-0.918097 -0.10432 -0.18563 1.56962
-0.917916 0.968633 -2.08141 1.66837
-0.683506 -2.9913 2.2158 1.4301
-0.525852 -1.24081 0.00557867 1.40159
-0.648267 -1.12177 -0.174154 1.48531
-0.72972 -1.01291 -0.338898 0.961975
-0.150777 -1.29278 -0.960826 1.87532
-0.25612 -0.136497 -0.59638 1.19036
-0.259665 -0.117005 -0.747943 1.59416
-0.363674 -0.0992522 -0.65481 1.49019
-0.410671 -0.215685 -0.632585 1.11093
-0.286154 -0.308527 -0.603941 1.85027
-0.139822 -0.058428 -0.605729 1.33939
-0.331354 -0.142511 -0.678913 1.29861
-0.197254 -0.0540265 -1.069 1.66497
-0.144178 0.681063 -0.734379 1.6263
-1.06122 -3.18937 -2.37035 1.12886
-0.0501946 -0.205912 -0.908688 1.40358
-0.342371 -0.206239 -0.97602 1.75859
-0.217628 -0.290588 -1.09963 1.69466
-0.350067 -0.152765 -0.701604 1.26533
-0.496819 -0.162652 -0.654884 1.09063
-0.779468 0.0774618 -0.570617 1.69151
-0.89805 -0.141368 -0.451683 1.64823
-0.390973 -0.145302 -1.01005 1.28635
-0.924077 -0.0170134 -0.55869 0.936517
-0.950121 -0.139024 -0.491485 0.922243
-0.72124 -0.208941 -0.51283 1.18423
-0.805074 -0.224473 -0.495079 1.03361
-0.6162 0.0395671 -0.747425 1.72518
-0.788557 -0.0832643 -0.795389 1.20335
-0.717453 -0.155865 -0.756422 0.751602
-0.432699 -0.0849106 -0.967842 1.40205
-0.613118 -0.211728 -0.883528 1.33662
-0.493132 -0.138383 -0.92898 1.11172
-0.520529 -0.125082 -0.70828 0.854546
-0.694817 -0.161619 -0.706798 1.69022
-0.561065 0.111478 -1.05615 1.20855
0.0839677 -1.11321 -0.359826 1.37582
-0.228734 -0.406869 -0.659762 1.21714
-0.00982655 -0.460962 -0.729649 1.77599
-0.361348 -0.636122 -0.684321 1.36231
-0.115044 -0.878812 -0.626368 0.961178
-0.0884071 -0.909635 -0.606823 0.977632
-0.246968 -1.01333 -0.671496 1.60643
-0.207367 -1.01294 -0.514985 0.817653
0.00184547 -0.480208 -1.1288 1.30242
0.340927 -0.687412 -0.995852 1.16419
-0.311713 -0.277729 -1.00576 1.30995
-0.0397492 -0.232644 -0.273697 0.913899
-0.246897 -0.0395327 -0.973137 1.29678
-0.38497 -0.679686 -0.885106 1.69067
-0.181591 -0.785042 -0.609855 1.49474
0.0460835 -0.409995 -0.973057 0.794074
-0.604818 -0.252104 -1.08282 1.56034
-0.788475 -0.526192 -0.114678 1.50676
-0.128263 -0.768609 -1.00916 1.27326
-0.777981 -0.366412 -0.497353 1.34976
-0.740641 -0.843738 -0.535878 1.08402
-0.580035 -0.627898 -0.262082 1.28006
-0.811098 -0.335984 -0.580942 1.32645
-0.753982 -0.419448 -0.407365 1.44295
-0.330042 -0.748796 -0.205454 1.42545
-0.315621 -0.595094 -0.828022 1.29946
-0.464985 -0.0584139 -0.831113 1.27108
-0.714617 -0.950115 -0.908146 0.792067
